title,content
연남동 카페 라프하우스 파블로바 디저트 카페,"오늘은 연남동 카페거리에 위치한 라프하우스에 다녀왔다. 사실 카페는 자주 가도 쉬거나 수다 떨러 가서 굳이 사진이나 포스팅을 안 했는데, 블챌 올리려고 모처럼 열심히 찍어 왔다 >_< 연남동 카페 라프하우스 RAFHOUSE 📍서울 마포구 동교로32길 10 2층 ⏰ 매일 12:00-21:00 🚗 주차 불가, 근처 공영주차장 이용 📌 네이버 페이, 무선 인터넷 라프하우스 서울특별시 마포구 동교로32길 10 2층 라프하우스 홍대입구역 3번 출구에서 330m, 도보 약 9분 소요! 연남동 카페거리에서 골목 하나 들어가면 한적한 주택가가 나온다. 미나리 삼겹살로 유명한 풀뜯어먹는돼지(?) 그 골목이라 찾아가실 때 참고하십셔! 외부 연남동 디저트 카페 라프하우스 앞에는 간판이 큼직하게 걸려 있어서 지나칠래야 지나칠 수 없는,,,ㅎㅎ 건물 2층이라 계단을 따라 올라가면 됩니다! 여윽시 갬성 동네답게 인테리어도 너낌있는 것 같죠?! 디저트를 메인으로 하는 카페라 그런지 벽이며 창문에 파블로바가 잔뜩 걸려 있어요. 파블로바는 케이크 종류 중 하나에요! 저도 이거 먹으러 간 거였어요 ᄒᄒ 매장 앞에 의자랑 웨이팅 리스트 종이가 있어서 오,,,? 했는데 주말엔 웨이팅도 있는 거 같기도 하고! 평일 기준으로는 조금 여유로웠다 〰️ 내부 연남동 카페거리에는 아기자기한 분위기가 많은데, 라프하우스는 좀 더 모던하고 깔끔한 분위기였다. 공간 자체가 널찍한데, 테이블 간격이 넓어서 조용 조용하게 대화 나누기 좋은 공간이다! 요런 1, 2인석도 있고! 평일엔 노트북 사용도 가능한 곳 그래서인지 콘센트가 눈에 띄었다. 멀티탭도 느낌 있는 힙 그 잡채 💙 포토존도 너낌있게 꾸며져 있어 사진 백만장 인슷하 올린 사진 빼니까 요거 한 장 남았다,, 옆엔 화장실이 있었는데 깔끔 깰꼼했다 >_< ! 연남동 카페 라프하우스 디저트 메뉴 및 가격 정보 메뉴판은 카운터 앞에 있어서 보고 주문하면 된다! 사장님이 메뉴 설명도 해주시고, 친절하게 응대해 주셔서 편하게 골랐다! 라프하우스 주문내역 아이스파블로바 16,000원 아메리카노 5,000원 아몬드크림라떼 7,000원 총 28,000원 편의시설 운 좋게 오븐에서 굽고 있는 케이크도 구경할 수 있었다. 주문내역 연남동 디저트 파블로바는 주문 후 플레이팅 하기 때문에 시간은 약 10분 정도 소요된다. 테이블에 가져다주셔서 편하게 기다리면 된다! 모두 한 번에 가져다 주셔서 편하게 찰칵 찰칵! 음료는 커피/ 에이드/ 티/ 논 커피 등 다양했는데, 각자 먹고 싶은 걸 골랐다 나는 아아, 시그니처 아몬드크림라떼! 연남동 디저트 카페 주인공 등장 파블로바 케이크는 머랭을 구워 만든 디저트이다. 함께 나온 패션후르츠 소스를 뿌려 먹으면 된다고 알려주셔서 뿌링 뿌링 패션후르츠라서 새콤, 상큼한데 연유가 들어 있어서 좀 더 달달했다. 올리브유도 넣어서 직접 만드셨다고 한다. 남김없이 탈탈 털어 부어주고 본격 먹을 준비 완료 >.< 라프하우스 파블로바 머랭 케이크는 먹는 방법과 설명이 쓰여 있는 카드를 챙겨 주셔서 제대로 알고 먹을 수 있어 좋았다! 읽어보고 참고해서 드셔보세요~ 아이스 아메리카노는 원두는 바디감이 묵직한 느낌이고, 산미가 덜해서 내 입맛에는 잘 맞았다! 무난한 느낌이라 커피 좋아하는 사람들은 다들 잘 먹을 듯싶다. 아몬드크림라떼는 크림을 젓지 않은 상태에서 마시다가 중간쯤 섞어 마셔 봤는데, 처음엔 크림 때문에 고소하고, 섞으면 라떼 같은 맛이라 두 가지 커피를 마시는 느낌이었다. 다들 이렇게 드셔보세요 :) 연남동 디저트 케이크 안에는 마스카포네 치즈와 생크림이 들어 있다. 제철 과일이라 그때그때 바뀔 수 있는데, 우린 청포도가 들어 있었다. 함께 플레이팅 되어 있는 그레놀라와 과자를 곁들여 먹으면 된다! 아이스파블로바를 주문해서 위에는 아이스크림 한 스쿱이 올라가 있다. 먹을 땐 피자 모양으로 잘라서 냠냠 겉이 파삭하고, 속이 부드러워서 깔끔한 단면 실패,,, 보기엔 이래도(?) 맛은 죠습니다 🤤 특히 커피랑 같이 먹으면 조합 쵝오,,, 👍 생크림이 좀 더 낭낭하게 들었으면 하는데 밸런스 맞춘 거라 그럴 듯싶기도 하고! (포장하는 분이 유독 많았는디, 케이크 박스도 힙해서 일정 없을 때 사러 와야겠어요 :)) 연남동 카페거리 근처에서 데이트 할 만한 카페나 디저트와 커피가 맛있는 곳 찾으시면 라프하우스에 다녀오세요! 개인적으로 파블로바 먹으러 또갈집 인정이었습니당 >_<"
"연남동 카페, 라프하우스 | 맛있는 디저트","얼마전에 다녀온 연남동 카페 처음 보는 디저트 메뉴가 있어서 호기심에 다녀와봤는데 넘 맛있었다 "" 라프하우스 "" 매일 12:00 - 21:00 서울 마포구 동교로32길 10 2층 마포구 연남동 260-56 연남동 카페랑 식당들은 경의선 숲길 공원 양옆으로 골목골목 많은데, 라프하우스도 그 중 하나. 늘 그렇듯 네이버 지도 검색해서 찾아왔다 카페는 2층에 있었는데 골목에서 좀 들어가면 이렇게 입간판이 보여서 금방 찾을 수 있었다 이렇게 2층에 있는 카페구 지하철역에서 찾아오면 홍대입구역이 제일 가깝구 3번 출구에서 나와서 좀 걸으면 됨 이렇게 꾸며진 계단을 통해서 2층으로 올라간다 전용 주차공간은 없는 걸로 알아서 근처 주차장 이용해야한다 예전에 차끌고 이근처 왔을때 연남동 공영주차장 이용했던 기억이있음 1시간에 3000원인가 여튼 2층 올라가면 보이는 입구 입구 앞에는 웨이팅리스트도 있었음 의도치않게 오픈시간에 맞춰서 갔던지라 그리고 평일이였어서 이날 방문했을때에는 사람이 별로 없었다 주말이나 평일 오후쯤에는 웨이팅 많이 하는것 같았음 카페 내부는 생각했던 것보다 더 잘 꾸며져있어가주구 사진을 와방 많이 찍어왔다 이곳저곳 자세히 들여다보면 구경거리도 많았음 다른 한쪽은 이렇게 통창이라 탁 트인 느낌이라 좋았음 너무 흐리고 소나기도 쏟아지던 날에 갔더니 사진도 좀 흐리지만 해 쨍쨍할때 오면 분위기도 더 좋을듯 사람이 많을 때에는 어떤 느낌일지 모르겠지만 전반적으로 여유로운 분위기가 느껴지던 내부였음 일단 자리부터 잡고 나서 살펴본 라프하우스 메뉴 디카페인 변경도 가능하고 테이크아웃은 1000원 할인도 된다 커피 메뉴 말고 칵테일이랑 맥주도 판매하고 계셨음 주문하는 곳 옆에는 이렇게 케이크 초도 낱개로 판매하고 계셨다 서비스 개념으로 되게 저렴하게 판매하시는것 같았다 그리구 메뉴판 밑에는 이렇게 안내사항도 있었다 기분탓이겠지만 이거 읽고나서 디저트가 더 맛있을것같다는 기대를했음 주문하고 나서 이곳저곳 더 구경 원래는 손님 많은 연남동 카페 같은데 오픈시간 맞춰왔더니 몇테이블 없어서 사진을 많이 찍어왔다 뿌듯 배경으로 나오는 음악들도 카페 자체랑 되게 잘어울렸구 여기저기 포인트들이 가득했다 주문했던 음료가 먼저 나왔구 달달한걸 너무 먹고싶었던 날이라 이날은 음료도 그저 아이스 아메리카노가 아닌 다른 메뉴들로 시켜봤다 일단 이곳의 시그니처였던 라프커피 (6,500원) 다른곳에서 비엔나 커피 먹어봤긴했는데 오렌지 비엔나라고해서 궁금해서 주문 익히 아는 비엔나커피에 오렌지향이 확 나구 오렌지맛도 났는데 어색하지않고 맛있게 먹었다 크림이 되게 맛났음 이건 석류팬지에이드(6,500원) 다른 후기들에서 은근 많이 시켜먹길래 주문했던 석류팬지에이드 에이드랑 같이 내어주시는 보라색 시럽을 넣어서 먹어야함! 그냥 나왔을때도 예뻤는데 이렇게 넣어주고 나면 더 예쁜 색으로 바뀐다 이렇게 열심히 저어주고 나서 마셔줌 에이드가 담겨있기에 딱 좋은 모양의 잔까지, 왠지 더 시원하고 청량감이 있어보이게 해주는ㅋㅋ 달달하면서도 상큼했던 에이드 색감도 좋구 맛도 좋았다 에이드 밑에 깔려있는 젤리가 맛있으니 꼭 잘 섞은 다음에 마시는것을 추천^^ 그리고 대망의 디저트 여기 디저트 맛있다고 해서 2개나 시켰는데 그 중 하나는 파블로바 케이크고 가격은 11,000원 맛만 있어도 좋은데 플레이팅이 진짜 정성스럽게 나와서 계속 사진을 찍어댔다 아니 이렇게 정성스럽게 플레이팅할 일이냐고 먹기전부터 이미 만족 나한테는 생소하던 파블로바 케이크 머랭을 베이스로 했고 호주나 뉴질랜드에서 많이 먹는 디저트라고 함 머랭이 이렇게 단면이 깔끔한가 파블로바 케이크는 처음먹어보는데 맛있었다 위에 토핑된 과일이랑 생크림까지 조합도 좋았음 안에 내용물도 뭔가 신기했는데 궁금하면 라프하우스에서 파블로바 케이크 꼭 시켜보시길 위에 올라가는 과일을 변경해서 주문제작도 가능하다고 함! 또다른 디저트는 말렌카 케이크! 가격은 7000원이고 초코,월넛 두 가지 종류중 초코 말렌카 케이크로 선택해서 주문했다 다른곳에서 먹어봤을때 너무 맛있게 먹었던 기억이 있는데 여기도 말렌카 케이크를 팔길래 망설임없이 주문했음 근데 여기 말렌카케이크가 진짜였다 먹어보지 않은 사람은 죽어도모를 말렌카 케이크의 식감 퐁신하고,, 퐁신한데 밀도는 높고 달달하고 하나도 안느끼하고,, 진짜 맛있으니까 꼭 먹어보삼 매장 한쪽에 이런 것도 놓여있었는데 이래서 다른곳보다 더 맛있었나보다 아직도 기억에 남아있는 말렌카 케이크 음료도 맛있었지만 디저트가 기억에 많이 남는 곳이였음 보니까 다른 손님들도 여기서 디저트 하나씩은 시키는것 같았다 인테리어에도 되게 신경쓴 모습 카페 곳곳에 놓인 소품들 구경하는것도 재밌었음 포르나세티 캔들도 있구 아더에러 베어브릭도 있구 무스타슈 조디악 미러도있구 사진엔 없지만 사무엘스몰즈 멀티탭도 있었당 예쁘기도하고 맛도 있던 라프하우스 음료랑 디저트들 색다른 디저트길래 찾아갔었는데 만족스러운 방문이였다!"
힙한 분위기 연남동 카페 라프하우스,"핫한 연남동으로 놀러 나왔다가 디저트가 너무도 맛있는 연트럴파크 사거리 근처에 있는 연남동 카페 라프하우스에 다녀왔어요. 홍대역 3번출구에서 5분정도 걸어가면 보이는데 접근성도 좋아요.2층에 위치하고 있고 통유리로 되어 있어서 외관에서 봐도 뷰가 좋을거 같아요 2층 계단으로 올라가는 길 조각상사진들이 전시되어 있는데 사장님의 인테리어감각이 힙할거 같다는 느낌을 받았어요. 커피는 취향에 따라서 원두를 고를수도 있고 파블로바도 하드한 머랭과 소프트한 머랭을 선택할수 있답니다. 연남동 카페 라프하우스 메뉴판이에요.유명하기로 소문난 파블로바케이크와 머랭롤라드를 주문하고 라프커피와 수르닐을 주문해보았습니다. 주문 후 매장을 둘러보는데 계단 입구에서부터 느꼈지만 아기자기하고 예쁜 소품들이 진열되어 있어요. 벽면엔 힙한 사진과 엽서가 나란히 진열되어 있고 한쪽에는 무드등과 액자와 책이 있는데 소품들이 너무 이쁜 연남동 카페였어요. 라프하우스는 화이트톤 인테리어에 따뜻한 분위기로 통유리창 앞에 앉아서 뷰바라보며 커피한잔 마실 생각하니 설레이더라구요. 친구와 통유리앞에 앉아서 메뉴나오는 동안 손님이 엄청 몰려들었어요.꽉찬 테이블을 보니 정말 유명한 연남동 카페 라프하우스가 아닌가 싶더라구요. 기다리던 중 주문한 연남동 카페 메뉴들이 나왔는데 보자마자 감탄사가 절로 나와요.대표님이 쉐프출신이시라 디저트는 전부 수제로 만들어지고 플레이팅이 화려하다고 들었는데 이렇게까지 화려할거라고는 상상도 못했거든요. 먹기전 무조건 사진촬영은 필수에요. 라프커피(6.5) 라프하우스 만의 시그니처 커피인데요. 오렌지비엔나라고도 불려요. 산미가 좋은 커피위에 오렌지 크림이 들어가있는 라프커피인데 커피향과 오렌지향의 밸런스가 좋아 한모금씩 마실때마다 입에 감도는 풍미가 예술이었어요. 수르닐(6.5) 후르츠그린티로 국내에는 별로 없는 마리아쥬제품을 사용했어요. 굉장히 고급스럽고 깔끔한 맛인데다가 케이크와 함께먹으면 페어링이 대박이더라구요. 수르닐 띠실은 왜이렇게 고급지고 이쁜지 사진하나 남겨보았어요. 파블로바 2단케이크(16.0) 밀가루함량이 없는 머랭케이크에 마스카포네 크림과 제철과일이 듬뿍 들어간 파블로바 케이크에요. 연남동 카페 라프하우스의 디저트 파블로바 플레이팅 보고 감탄했어요. 작품을 보는건지 케이크를 시킨건지 헷갈릴정도로 너무 예쁘고 빨리 먹기엔 아까웠지만 먹어야겠죠 나누어 먹어야하니 아깝지만 칼로 열심히 잘라줬어요.머랭이 들어가 부서질까 걱정했는데 부서지진 않고 나이프로 잘라도 부드럽게 잘 잘리더라구요. 얇게썬 딸기에 바나나 그리고 두툼한 크림까지 있으니 진짜 먹음직스럽죠.과일들도 신선하고 달달하게 너무 맛있어서 말을 잇지못하고 친구와 폭풍흡입했네요 수플레팬케이크와는 다르게 겉은 바삭한 식감에 입안에서 녹아 없어지고 속에 크림은 쫀득한 느낌이었어요. 크림과 과일까지 더해지니 정말 눈이 번쩍드이는 맛이더라구요. 제철과일인 라즈베리, 딸기, 바나나, 블루베리가 들어가 있었는데 파블로바가 생각날때는 연남동 카페 라프하우스로 와야겠다는 생각만 했어요. 머랭롤라드(7.0) 바게트처럼 생겼지만 파블로바와 같은 머랭으로 만들어진 디저트에요. 크림위에 올려진 과일들도 상큼하겠지만 머랭옆에 함께있는 아몬드가 붙어있는데 아몬드와 함께 먹으면 고소할거 같아요. 허브도 올라가저 있어서 향긋하고 아몬드를 붙여서 어떤맛일까 궁금했어요. 연남동 카페 머랭롤라드도 플레이팅이 너무 예뻐서인지 먹기 너무 아까울정도였어요. 듬뿍올려진 과일까지 너무 맛있겠죠? 마스카포네 크림을 얹어 과일을 듬뿍 담아 만든 연남동 카페 머랭롤라드 견과류의 고소한 맛과 더불어 달콤하고 산뜻한 맛이었어요.어떻게하면 이런맛이 나오는지 라프하우스 디저트는 정말 최고였네요. 연남동 카페 라프하우스에서 맛보는 디저트와 커피한잔하러 친구와 조만만 한번 더 방문해야겠어요. 일어나기전 통유리창으로 보이는 전경 한번 찍어봤어요 통유리라 시원시원하니 보기 좋고 힙한 분위기에 즐거운 시간 보내고 왔네요. 라프하우스 주소 : 서울 마포구 동교로32길 10 2층 라프하우스 영업시간 : 월~일 (오후 12시 ~ 밤 9시) 연락처 : 02-337-7353 라프하우스 서울특별시 마포구 동교로32길 10 2층 라프하우스"
연남동 파블로바 먹으러 간 라프하우스,"파블로바를 아직 못 먹어봤다는 친구를 위해 홍대 놀러오면 파블로바 맛집에 가보기고 했다. 역대 먹어본 파블로바 중 가장 맛있는 집에 갔는데 하필...우리가 간 날이 사장님 아내분 출산일이라 파블로바를 팔지 않는다고 했다. 다른 메뉴는 주문 가능하다고 했지만 친구가 멀리서 파블로바를 먹기 위해 기대하고 홍대에 왔던 거라서...아쉽지만 연남동 파블로바 파는 카페를 새로 찾아보다가 가게된 라프하우스! 라프하우스 연남동 파블로바 카페를 찾아서 라프하우스 서울특별시 마포구 동교로32길 10 2층 라프하우스 라프하우스 ✔ 매일 12:00 - 21:00 지도 어플 따라 가긴 했는데 골목에 들어가서도 한눈에 확 띄지는 않았다. 커다란 간판이 있지는 않지만 무채색 숲 건물 2층이다! 2층으로 올라가다보니 안쪽에는 라프하우스 포스터가 붙어있다. 포스터만 봐도 파블로바를 밀고 있는 중! 매장 내부가 넓진 않았으나 테이블간 간격도 널찍하고 통창으로 되어있어서 답답한 느낌은 없었다. 오브제들이 통일감 있진 않은데 또 잘 어우러지는 느낌이다. TMI: 창문 옆 자리에 앉고 싶었는데 우리 맘에 들었던 자리에 짐이 놔져 있어 안쪽으로 앉고 나중에 보니 옆 테이블 사람 짐이었다...우리 이후에 온 팀은 가방 치워달라 하고 그 자리에 앉더라🤔 우리는 좀 더 아늑한 이쪽 공간에 앉았다. 뭔가 바우하우스? 그런 느낌이라고 생각했는데 지금 보니까 대놓고 바우하우스라고 적힌 책자도 있네 ㅋㅋ 테이블이 조금만 더 넓으면 좋았겠지만 그래도 카페니까 뭐...그나마 그러려니... (음식점도 저 정도인 곳들 있어서 킹받음) 디저트는 크게 말렌카케이크나 머랭류로 갈리는 느낌이었는데 우리야 처음부터 목적이 파블로바 였으니 파블로바 골랐다. 포도파블로바는 1단, 2단을 고를 수 있는 듯 하고 아이스파블로반 어디선가 여름한정 메뉴라고 본 것도 같은데... 착각이었나 ㅋㅋㅋ왜 그런 말이 안 보일까🤔 귀여운 미니초도 판매중이었다. 도시락 케이크 같은 데에 함께 사가서 꾸미기 좋아보이는 사이즈😊 친구픽은 바닐라라떼였던 것 같고(가물가물) 나는 라프하우스 시그니처 메뉴인 라프커피를 주문했다...사실 주문하면서도 파블로바는 적어도 라떼 정도랑 마셔야 되지 않을까 싶었지만 오렌지비엔나가 궁금해서 그냥 주문해버렸다😏⭐ 아이스파블로바는 추후에 따로 나왔다. 수직으로 잘라서 여러가지 층을 함께 먹으라고 친절하게 설명해주셨던 것 같은데 설명서까지도 함께 주셨다!👍 나름 파블로바 여러번 먹어봤는데 러시아 무용수 이름에서 따온건지는 라프하우스에서 처음 알았다! 파블로바가 처음 만들어졌을 땐 다양한 색상을 입힌 젤리 베이스였고 나중에 머랭 베이스로 바뀐 거였다니!😮 잡지식 하나 더 획득🤩 ㅋㅋㅋ 우리가 앉아있는 자리에선 뭔가 썸네일컷 뽑기가 너무 애매해서 친구한테 양해 구하고 다른 테이블 잠시 다녀옴...사실 간만에 만나는 사람들 앞에선 유난 안 떠는데 이해해줘서 고마워 언냐❤ 아이스 파블로바는 첫인상은 뭔가 단조로운듯 자잘한 알갱이가 많은 느낌? 바닥에는 그라놀라가 깔려있고 패션후르츠와 올리브 오일 등이 들어간 소스를 부어서 피자조각 모양처럼 잘라 모든 층을 함께 먹으면 된다. 박-살 ㅋㅋㅋㅋㅋㅋㅋㅋ 그만큼 바삭바삭한 머랭이었다... 쫀득함보단 바삭함이 많은 식감이었는데 달기는 또 겁나 달았다... 거기에 소스에다 아이스크림에다... 이제 슬슬 혈관 걱정도 해야 되는데 이건 맛부터 부담될 정도?😭😭 친구 역시 실망한 눈치였다... 라프커피는 오렌지 비엔나였는데 부드러운 오렌지 크림과 라떼 조합이 괜찮았다...겁나 단 아이스 파블로바랑 같이 먹어서 상대적으로 더 은은하게 느껴져서 더 맛있었는지도 모르겠다. 어쨌거나 라프커피는 괜찮았다. 포도 파블로바는 좀 더 나을지 모르겠으나 일단 머랭층 자체가 내 스타일이 아니었다. 친구가 너무 아쉬워해서 내 파블로바 인생맛집은 다음번에 꼭 가보기로 했다. ⭐라프하우스 자체엔 악의 없음!!⭐ 누군가 같이 가자고 하면 따라갈 순 있겠으나 나는 여기서 파블로바를 다시 주문할 것 같지는 않다...🤔 라프하우스 근처 찻집, 홍대 파블로바 맛집 추천 여유로운 연남동데이트, 다양한 차를 경험해볼 수 있는 루프탑카페 : 차차티클럽 연남 한적한 데이트를 즐기고 싶을 때, 커피보다는 차가 마시고 싶을 때 방문하면 좋은 연트럴파크 카페. 사실 ... blog.naver.com 파블로바 맛집 홍대 디저트카페 토라비에서 인생 파블로바 찾음 달달구리 사르르 녹는 디저트 맛집을 찾다가 홍대 파블로바맛집인 토라비에 다녀왔는데 공간마저 아늑하고 ... blog.naver.com #라프하우스 #연남동라프하우스 #연남동파블로바 #연남동카페 #홍대파블로바 #파블로바맛집"
"홍대입구역 연남동 맛집 뽀시기 - <라프하우스>, <플랜트>, <올레무스>","지난주 일요일에 지인과 연남동에서 만나 가고 싶었던 곳들을 돌아다녀 보았다 ㅎㅎ 📍가 본 장소들📍 라프하우스 서울특별시 마포구 동교로32길 10 2층 라프하우스 플랜트 연남점 서울특별시 마포구 월드컵북로4길 87 올레무스 서울특별시 서대문구 연희로5길 58 1층 라프하우스 서울특별시 마포구 동교로32길 10 2층 라프하우스 라프하우스(@rafhouse_seoul) • Instagram 사진 및 동영상 팔로워 896명, 팔로잉 3명, 게시물 118개 - 라프하우스(@rafhouse_seoul)님의 Instagram 사진 및 동영상 보기 www.instagram.com 라프하우스 영업시간: 매일 12:00-21:00 이날 가장 먼저 향한 곳은 <라프하우스>! 파블로바를 판다고 해서 꼭 가봐야지 하고 벼르고 있던 곳이었다. 먹어본 적이 없어서 어떤 맛일지 너무너무 궁금했다! 파블로바: 머랭을 베이스로 하는 호주, 뉴질랜드의 디저트로, 러시아의 전설적인 무용수 안나 파블로바에서 그 이름을 따왔다. 안나 파블로바가 세계여행을 하던 도중 주방장이 그녀를 위해 만든 디저트라고 한다. 구운 머랭 위에 생크림과 각종 과일을 올려 달콤하고 상큼하게 즐긴다. 나무위키 입간판에 있는 영업시간은 인스타나 네이버에 있는 공식 영업시간이랑은 조금 다른 듯?! 사진으로만 봐도 엄청난 비주얼을 자랑하는 파블로바 <라프하우스>의 시그니처 메뉴임에 틀림없었다! 두근거림은 커져만 가고... 오픈 시간에 맞춰갔기 때문에 한산한산~ <라프하우스> 메뉴판! 역광이라 잘 안 보이긴 하지만... 커피의 경우 디카페인 옵션도 있고, 파블로바 이외에 다른 디저트들도 몇 가지 있었다. 거기다 칵테일이랑 맥주까지! 내가 시킨 디카페인 아메리카노! 커피는 산미가 있는 편 음료와 같이 쟁반에 놓여나왔던 <라프하우스> 스티커 그리고 드디어 영접한 파블로바!! 일단 비주얼부터 합격 접시도 그렇고... 마치 예술작품 같았다...! 나오자마자 냉큼 칼로 잘라먹어버리는 바람에 단면 샷은 따로 없지만.... 겉은 파삭하고 속은 폭신하면서도 쫀득한 것이 완전 저세상 식감!! 그냥 부서져 버릴 줄로만 알았는데 의외로 쫀득함도 있어서 그 반전 매력에 완전히 푹 빠져버림... 수플레 케이크보다 훨씬 더 가벼운 느낌! 보기만 했을 땐 엄청 달아 보이는데, 내 입맛 기준 물리지 않는 적당한 달달함이었음. 무화과나 블루베리, 샤인 머스캣 등 과일과 생크림의 조합도 좋았다. 참고로 파블로바는 1단, 2단 선택할 수 있다! 2단 시켜서 두 명이서 금방 다 먹어치워버림 ㅎㅎ 플랜트 연남점 서울특별시 마포구 월드컵북로4길 87 PLANT 플랜트 • 비건 카페(@plantcafeseoul) • Instagram 사진 및 동영상 팔로워 26K명, 팔로잉 89명, 게시물 2,458개 - PLANT 플랜트 • 비건 카페(@plantcafeseoul)님의 Instagram 사진 및 동영상 보기 www.instagram.com 플랜트 연남점 영업시간: 화-일 11:00-22:00 (월요일 정기 휴무) 엄마랑 지난주에 이태원점을 갔었는데 이번엔 지인과 함께 연남점으로 ㅎㅎ 웨이팅이 좀 있긴 했지만 오래 기다리진 않았다! 날씨가 좋아서 밖에 걸터앉아 수다 떨다 보니 시간이 금방 갔다. 이태원점은 이태원이라 점원 분들을 포함해서 외국 분들이 많은 줄 알았는데 그건 연남점도 마찬가지였다 ㅎㅎ 다만 연남점이 좀 더 넓고 밝은 느낌! 나는 저번에 안 먹어봤던 메뉴를 먹고 싶어서 팔라플 샐러드를 시켰고 (왼쪽), 지인은 후무스 샐러드를 시켰다 (오른쪽). 팔라플(팔라펠): 병아리콩이나 누에콩으로 만드는 아랍풍, 중동 음식. 병아리콩과 누에콩을 쪄서 잘게 다진 것을 기본으로 하고 다진 양파나 고수 등을 넣어서 둥글게 모양을 낸다음 기름에 튀겨낸 음식으로 담백하고 고소한 맛(구체적으론 녹두빈대떡 가장자리만 모아놓은 맛)이 난다. 후무스(훔무스): 병아리콩으로 만드는 중동 음식 겸 스프레드. 중동 식사에서는 필수요소라고 한다. 중동 지역 외에도 그리스와 키프로스에서도 먹는다. 터키에서도 종종 먹으며, 아랍 지역과 접경한 지역 (킬리키아, 하타이, 자지라 등)에서는 자주 먹는다. 나무위키 맛은 이번에도 역시나 만족스러웠음! 내가 좋아하는 삼삼하고 건강한 맛 ㅎㅎ 올레무스 서울특별시 서대문구 연희로5길 58 1층 OLEMUS(@olemus.kr) • Instagram 사진 및 동영상 팔로워 13K명, 팔로잉 0명, 게시물 508개 - OLEMUS(@olemus.kr)님의 Instagram 사진 및 동영상 보기 www.instagram.com 올레무스 영업시간: 월, 금-일 12:00-19:00 (화-목 정기 휴일) <올레무스>는 지인이 찾아낸 곳! 무화과가 잔뜩 들어간 멜바가 유명하다 했다. ('멜바'라는 단어가 생소해서 좀 찾아봤는데 '디저트로 아이스크림 위에 복숭아 설탕 조림을 얹어 내는 것'을 말한다고. 복숭아를 무화과로 대체한 건가?) <올레무스>는 연트럴 파크에서는 꽤 떨어져 있었다. <플랜트>에서 걸어서 15-20분 정도? 큰길에서는 꽤나 떨어져 있는 주택가에 위치해 있고 간판도 잘 안 보이는데 이런 곳을 다들 어떻게 찾아내는 건지 신기할 정도... 카페 내부가 협소해서 아예 웨이팅을 하는 장소가 밖에 마련되어 있었다. 이름을 적고 간이 의자에 앉아 한 15분 정도? 기다렸다. 아이스크림 먹어보려고 웨이팅 해보는 건 처음 ㅎㅎ 보다시피 카페 내부는 굉장히 협소하다. 안에서 먹으려면 좀 더 기다려야 하기도 했고, 날씨가 좋으니 먹으면서 걷는 게 더 나을 것 같아 포장으로 했다. 그리고 손에 넣은 ‘무화과 멜바’! 막 우와아아아아아!! 하는 맛은 아니지만 알록달록한 모습이 예쁘기도 하고 완전히 색다르고 신기한 맛이라 먹는 재미가 쏠쏠했다. 무화과는 표면뿐 아니라 바닥에도 깔려있었고, 아이스크림 위에는 참깨? 기름? 같은 게 뿌려져 있었다. 무화과와 아이스크림 위에 뿌려져있는 저 가루의 정체가 뭔지는 모르겠지만 딱히 강렬한 맛이 나지는 않았음. 컵 안에 가득 담겨있는 그래놀라(?)가 가장 익숙한 맛이었다 ㅎㅎ 이게 뭐지? 이건 또 뭐지? 하고 원재료를 유추해가며 계속 퍼먹게 만드는 묘한 매력이 있었음! 신기해하며 계속 먹다 보니 어느새 뚝딱해버렸다 ㅋㅋ 막 엄청 달고 맛있는 익숙한 맛의 아이스크림을 기대했다면 깜짝 놀라게 될 맛!"
연남동 라프하우스- 연남동 디저트맛집,"뇽안하세요~! 연남동에 힙한 카페가 있다는 소문을 듣고 방문해보앗습니다!ㅋㅋㅋㅋ 라프하우스는 홍대입구역에서 내려서 연트럴파트를 걷다보면 사거리로 갈라지는 부분이 나오는데요 그쪽에 있는 힙한 디저트 카페입니다! 홍대입구3번출구에서 5분밖에 안걸려요!! 근처에 맛집도 많구!!! 위치가 좋답니당!! 이길을 많이 다녔는데 2층에 이렇게 좋은 카페가 있는지 몰랐어요ㅋㅋㅋㅋㅋ 2층이라 몰랐나봐여ㅠ 코로나 때문에 지금은 9시에 닫지만 그전에는 12시반까지 하셨나봐요! 늦게까지 하는 카페 넘 조아요 ㅠ 라프하우스 2층까지 올라가는 계단인데요 벌써 계단부터 감성 뿜뿜입니다ㅋㅋ 카운터 입니다 메뉴판을 볼까요 짠 메뉴판입니다 라프커피와 아몬드 크림라떼가 시그니처메뉴구요 그래서ㅋㅋㅋ 라프커피와 아몬드크림라떼를 시켜보앗어요 라프커피가 뭘까,, 오렌지비엔나가 뭘까,, 제가 예전에 수퍼커피에서 오렌지비앙코를 엄청 마니 먹었거든요ㅋㅋㅋㅋ오렌지 비앙코 덕후였숨ㅋㅋㅋ 그래서 그런 비슷한거 아닐까?.. 궁금햇어여 논커피와 티, 에이드가 많아서 커피를 안마시는 친구들과 오기 좋아요! 그리고 디저트는 머랭롤라드를 시켜보았습니다 파블로바케이크?.. 머랭롤라드?..말렌카케이크?... 다 첨들어보는 디저트였는데요! 라프하우스는 흔하지 않은 수제 디저트로 아주 유명합니다! 라프하우스는 사장님이 쉐프출신이셔서 모든 디저트가 수제이고, 플레이팅이 화려하대요! 아주기대가 되는군요~!! 스티커도 있어서 한장 챙겨보았어여ㅋㅋㅋ 요즘 힙한 카페들은 스티커를 제작하는거같은데 유행인가봐요ㅋㅋㅋ 갬성뿜뿜,, 물티슈 담은 통봐봐여,,, 휴지위에 올려둔 돌멩이 봐봐여,, 물티슈 직접 제작한거 봐봐여,,, 역시 힙한 카페 답군요 역시 힙한 인테리어 되게 키치하지않나여,, 제가 요즘 이런 느낌에 빠져서 그런가,, 넘조았어요 ㅋㅋㅋㅋㅋㅋ 인스타 갬성 뿜뿜!!!! 이건 라프커피에여 위에 크림이 엄청 달고 오렌지향이나요! 어떻게 오렌지향이 나는걸까 신기,, 비엔나커피랑 비슷한데 크림이 전혀 다르게 오렌지향이나는거라고 생각하면 됩니다 다른 카페는 그냥 비엔나 커피인데 여기는 오렌지향을 넣어서 특별하네용 밑에는 찐한 커피에여 아메리카노?.. 에스프레소?.. 그런거 약간 산미가 도는맛이랍니다 그리고 위에는 오렌지가 있어서 넘 귀여웠어요~! 이건 아몬드 크림라떼요! 라떼인데 위에 아몬드크림이 있는 맛,,, 말그대롴ㅋㅋ아몬드크림라떼네요 부드럽고 달콤하고ㅠㅠ짱맛잇슴 전 이게 훨씬 맛있었어여 다음엔 또와서 이거 머거야지~!! 머랭롤라드 정말 첨보는 음식,,! 첨느껴보는 맛..! 첨느껴보는 식감..! 겉으로 보기엔 밑에 빵이 먼가 바게트 처럼생기지않았나요?! 바게트같은거라고 생각했는데 저어어어어언혀 아니구 쫀득쫀득한맛?.. 쫀쫀한맛?.. 빵이라고 전혀 할수없는 크림맛 같은거였어여 바나나가 사이사이 들어있는 엄청 달달한 초코 크림맛!! 여담으로ㅋㅋㅋㅋㅋㅋ 아니이 머랭롤라드 시킬때 초코/딸기 고르거든요 저는 초코를 골랐눈대 위에 딸기를 올려주신거에요ㅋㅋㅋㅋ 그래서 엥 나 초코시켰는데 잘못주셨네 구냥 먹어야겠다ㅋㅋㅋ햇는데 아니ㅋㅋㅋㅋ 갈라보니까 안에 초코맛이더라구요ㅋㅋㅋㅋ 잘못주셨다고 했으면 아주 큰 창피함을 당할뻔 했어요 헤헤 쨘 사진 예뿌죠 라프하우스가 2층에 있어서 통유리창으로 뷰가 좋았는데용 앞에 식당에 강아지가 잇어서 눈을 뗄수 없었어요 여기,, 강아지뷰에요,,체고체고,,, 갬성 뿜뿜한 라프하우스 후기였숩니다! 연남동 라프하우스에서 찍은 힙한사진 인스타에도 올려야겠어여ㅎㅎㅎㅎ 라프하우스 서울특별시 마포구 동교로32길 10 2층 라프하우스 #연남동카페 #연남동케이크 #연남동디저트 #연남동데이트 #연남동커피 #연남동데이트코스 #연남동카페추천 #연남동디저트카페 #연남케이크 #연남동디저트맛집 #서울파블로바성지 #파블로바케이크 #라프하우스 #연남동라프하우스 #홍대카페 #홍대라프하우스 #홍대맛집"
[라프하우스] 연남동 데이트 인스타 감성 + 디저트 맛집 연남동 카페 왕추천!,"연남동 주말 데이트를 남편과 다녀왔는데, 진짜 연남동 옴.총. 핫하다…!!! 코로나고 뭐고 사람들 진짜 많아서 넘나 놀랐따.. 😯… 그래도 우리 부부도 연남동 핫플을 폭풍검색해서 핫하고 트렌디하면서 색다른 디저트가 있는 카페를 발견하였고, 그렇게 우리는 라프하우스 에서 데이트를 하고왔다 : )) 참고로 라프하우스는 연트럴파크 사거리에 위치해있어서 홍대입구역 3번출구에서 도보 5분정도 소요된다! 라프하우스 서울특별시 마포구 동교로32길 10 2층 라프하우스 접근성이 뛰어나서 약속 잡기에도 편리한 위치에 있는 건 안 비밀 ~~ ! 자 그럼 본격적 포스팅 start - ! 먼저 시작에 앞서, 라프하우스의 영업시간 공유쓰 ⏰ 매일 오전 11시 - 오후 10시까지, 매주 화요일 정기 휴무 라프하우스는 이 건물 2층에 위치해있어서, 본 건물 2층으로 계단을 통해 올라가야한다ㅎㅎ 계단을 올라가다 보면, 이렇게 입구에서부터 갬성 넘치는 포스터가 우릴 반겨준다 ^^- 짠! 라프하우스 입구 도오오오착 자 그럼 안으로 들어가봅시댜 👀 연남동 특유의 젊고 트렌디한 힙한 감성이 곳곳에 녹아들어 있어서 분위기가 오져버린다… 👏🏻👏🏻👏🏻 테이블도 6개 이상 있었고, 4인이 앉을만한 테이블부터 단 둘이 앉을 수 있는 테이블까지 다양한 테이블이 준비되어 있었다🖤 이 테이블은 철제 의자만으로도 넘나 뽀인뜨다..! 조명과 거울이 넘 예뻐서, 사진을 안 찍을 수가 없었던 곳 - 거울은 또 그냥 지나칠 수가 없쥬..? 찰칵찰칵 📸📸📸 한쪽 벽면에는 이렇게 각종 감성 포스터가 있어서 넘 인상깊었다 :) 심지어 포스터 뿐만 아니라, 각종 소품들이 다 감성이 넘쳐버림~~~~ (어머 이건 찍어야해!!!) 심지어.. 라프하우스의 화장실까지 감성이 넘쳐버리니,, 엄지척을 안드릴 수가 없숨다,,, 👍👍👍 곳곳이 인스타 감성 뿜뿜이어서 그렇게 카페의 이곳저곳 둘러보다가, 우리는 이 자리를 선택했다 !✔️ 통 유리창이 있어서 연남동의 전경이 보이는 자리! 아니 라프하우스 뷰맛집이었나요..?!ㅎㅎㅎ 스텐드도 바로 옆에 있어서, 사진찍기에도 넘나 베리굿이어서 이 자리를 골랐다 (๑>◡<๑) 자 이제 자리까지 잡았으니 메뉴 주문하러 총총,, 😍 오호 역시 라프하우스는 연남동디저트맛집 답게 주문과 동시에 디저트가 만들어지고, 전문 조리사가 직접 조리한다 🙌🏻🙌🏻 그럼 이제 메뉴를 볼까요오 👀 라프하우스는 커피부터 논커피, 티, 에이드 등 음료도 다양하지만 앞서 언급했듯이 수제디저트가 굉장히 유명하다 ! 🍰🍬🍫🌰 우리는 고민 끝에 ☑️ 라프커피 (오렌지비엔나) 6,500 ☑️아몬드크림라떼 7,000 을 음료로 주문했고, 디저트 메뉴로도 ☑️머랭롤라드 7,000 을 하나 주문했다 ➰ 뚜루뚜~ 그렇게 우리가 주문한 음료와 디저트가 나왔는데,, 비주얼 미쳐따 ㅠㅠ🤭 짠..!!!!!!!!!!!! 음료와 수제 디저트가 나오자마자 껄껄,, ‘여기 오길 잘했다’ 는 생각이 들었다 😝😝😝 자 그럼, 하나 하나 메뉴를 리뷰해보쟈 😎 먼저, 아몬드크림라떼☕️ 한 입 마시자마자 아몬드 향이 확 감싸는 느낌🤎 평소 아몬드브리즈를 즐겨 마셔서 더욱 익숙한 맛이었고, 아몬드향 크림이 쫀득하니 맛있었다 💓 게다가 혜자스러운 양은 덤!! 다음으로 라프하우스의 대표음료, 라프커피 ☕️ 귀염뽀짝한 라프커피는 한 입 마시자마자 깜짝 놀랐다! 일반 라떼와는 아예 다른 오렌지크림이 커피와 넘 조화로웠다 🍊 참고로 라프커피와 아몬드크림라떼 두 음료 모두 얼음이 없어서 시원함이 지속되지는 않지만, 시간이 지나도 맛이 진했던게 기억에 남는다! 꺅 다음으로 머랭롤라드💝 일단 핑꾸색 접시부터 내스타일이얏.. ~~~~! 넘 러블리한 플레이팅과 비주얼이 나의 마음을 쏙 빼앗아가따..💘 (알고보니 라프하우스의 파티쉐님이 쉐프출신이어서 모든 디저트가 수제이고, 플레이팅도 화려한듯하다 !) 머랭롤라드는 딸기크림이 있는 롤케잌 느낌으로, 디저트위에 올려진 베리들이 상큼함을 더해준닷 💕 헿 이렇게 디저트 위에 베리들을 올려 먹으면 을매나 맛있게용🍒 ㅎㅎ 먹기 아까울 정도로 예쁜 디저트여서 한 입 베어먹는 장면을 영상으로 담아보아따,, 🍓 그렇게 커피부터 디저트까지 넘 맛있게 다 먹어서 행복했다는 해피엔딩 ✨ 게다가 앞서 언급했던 것처럼, 라프하우스는 조명맛집, 셀카맛집이니 꼭 인생샷도 건져가시길! 🤧 그렇게 간만에 셀카도 건지고 달달구리와 맛난 커피도 마신 행보칸 주말 데이트여따아 ~~! (*´∀｀*) 다음에 라프하우스에 방문하게되면 파블로바 케이크나 말란카케이크 를 도전해보고싶다아 👻 #연남동카페 #연남동카페추천 #연남동케이크 #연남동디저트 #연남동커피 #연남동데이트"
연남동 데이트코스로 디저트 카페 라프하우스 추천합니다,"연트럴파크 연남동 데이트에 꼭 가봐야 할 디저트 맛집으로 추천하는 디저트카페 라프하우스 추천합니다. 홍대역 3번 출구에서 도보 5분 정도 소요되는 갬성 가득한 디저트 카페 라프하우스는 찾기도 아주 쉽네요^^ 라프하우스 주소 : 서울 마포구 동교로 32길 10, 2층 영업시간 : 12시 ~ 21시 주차장 : 주차 불가 라프하우스는 연트럴파크 사거리 근처에 있는 힙한 분위기의 디저트 카페입니다. 주택가 쪽으로 살짝 들어왔는데 왠지 감성 돋는 예쁜 건물이 하나 보이네요. 건물 앞 연남동 디저트 카페 라프하우스 안내 표시도 잘 되어 있어서 금방 찾으실 수 있어요. 1층도 감성 돋는 의류매장이 있고 그 옆 2층으로 올라가는 계단으로 올라가시면 됩니다.^^ 주택을 리모델링 한 것 같은데 깔끔하면서 세련된 감성이 가득해서 기분이 좋았어요^^ 저희는 일찍 방문해서 웨이팅 없이 착석했지만 웨이팅을 기본으로 하는 인기 많은 연남동 디저트 카페더라고요. 전체적으로 차분하면서 세련된 분위기의 인테리어인데 곳곳에 힙한 감성들이 가득하네요^^ 코로나로 카페 방문 자제하고 있었는데 오래간만에 방문한 카페가 세련되고 힙한 감성이 가득해 기분이 좋았어요^^ 주방 내부도 아주 깔끔하네요. 대표님께서 셰프 출신이셔서 이렇게 고급스러운 디저트를 수제로 만들고 주문 즉시 플레이팅을 시작한다고 해요. 1인 1음료 주문하는 건 서로의 예의인 거고요. 워낙 인기 많은 연남동 디저트 카페인지라 주말이나 공휴일은 노트북 사용을 금하고 있어요. 당연히 외부 음식과 음료는 반입이 안되고요. 매장의 자리가 7 테이블 정도 되니 웨이팅이 길어지면 2시간 이상 매장 이용이 어려운 점도 알려드려요^^ 오~ 메뉴판도 애플 맥으로 세련되고 너무 예뻐서 메뉴판 사진만 5장 넘게 찍었다는요^^; 메뉴판에서 만나는 연남동 디저트 파블로바 케이크 등 모든 라프하우스의 디저트들이 너무 예뻐요~~~! 여기서 주문을 하고 준비되는 디저트는 직접 갖다주시더라고요. 연남동 디저트 카페의 시그니처 파블로바 케이크 등에 사용되는 갬성 돋는 촛불들도 준비되어 있네요^^ 거울 샷은 부끄러워 살짝 옆으로 피해서 찍었...ㅠㅠ 매장이 살짝 어두워서 이런 조명들이 분위기를 더 살려주고 있어요^^ 밖에 날씨는 많이 흐려서 아침부터 찌뿌둥한 느낌이었는데 이렇게 감성 돋는 인테리어 보니 기분전환도 되네요. 연남동 데이트 코스로 라프하우스 추천하는 이유 중에 하나입니다.^^ 어머~! 세련된 조명이 한두 개가 아니에요^^ 구석구석 감성 가득하네요. 2층에 위치하고 통유리창으로 뷰도 좋았어요. 매장이 그렇게 크지 않아 더 조용히 즐길 수 있는 분위기라 나의 다정맨과 저도 카페에서 각자의 일에 집중할 수 있었어요. 여보~! 손님하고 카톡 그만하고 매장 좀 둘러봐요~ 너무너무 예뻐요~♥ 안쪽의 예쁜 테이블도 많지만 통창으로 보는 뷰도 즐겨보고 싶은 연남동 데이트 코스 라프하우스에요. 연남동 디저트 맛집 라프하우스는 인테리어도 고급스러워요. 오래간만에 카페 나들이라 저 너무 신나는 거... 사진에서 느껴집니다...^^;;; 하이네켄과 사무엘 아담스도 판매하고 있어요^^ 필요한 만큼의 냅킨과 물티슈 갖고 가시면 돼요 나의 다정맨과 저는 커피 스타일이 정말 달라요~ 원두를 이렇게 선택할 수 있다니 너무 좋은데요^^ 화장실의 깔끔함도 저에겐 아주 중요한 일이라 손 씻으러 왔다가 살짝 찍어봤어요^^ 주문한 메뉴는 완성되는 대로 직접 테이블로 갖다주시더라고요. 다 드시고 테이블에 그냥 두고 나오시면 됩니다. 저희가 주문한 오렌지 비엔나가 올려 있는 라프커피(6,500)에요. 라프하우스의 시그니처 커피인데 커피 베이스를 선택할 수 있더라고요. 저는 진한 커피를 좋아해서 에스프레소를 선택했고요. 나의 다정맨은 부드러운 커피를 좋아해서 라떼를 선택했어요. 라프커피라는 단일 메뉴인데 커피의 종류를 선택할 수 있다니 너무 감동이었어요^^ 라프커피는 위에 오렌지 비엔나가 있어서 아이스로 나와요^^ 아이스로 나와도 오렌지 비엔나와 함께 먹으니 많이 차갑지 않고 부드럽게 먹을 수 있는 라프커피입니다. 점심 약속이 있어서 가벼운 디저트로 선택한 '머랭롤라드'(7천원)입니다. 역시 셰프 출신의 대표님이 만드시는 거라 플레이팅이 화려하고 아주 마음에 들어요. 부드러운 머랭으로 만드는 롤케이크에요. 디저트를 갖다주시면서 계란 흰자로 만들어서 부드럽다고 알려주시더라고요. 오렌지 비엔나로 커피 한 모금에 상큼함이 가득해요. 부드럽지만 달지 않아 고급스러운 머랭롤라드. 연남동의 핫한 디저트 맛집 인정합니다. 머랭롤라드는 부드러운 머랭 롤케이크에 상큼함이 가득 올려 있어서 함께 먹으니 입안에서 살살 녹는 부드러움 너무 맛있었어요. 오늘 점심 약속이 있어서 이 작은 롤케이크 하나만 먹고 나오니 많이 아쉬웠어요. 파블로바 케이크, 말렌카케이크도 흔하지 않은 수제 디저트로 아주 유명하다고 하는데요. 다음에는 파블로바 케이크 꼭~! 먹으러 올 거예요. 크림은 절대 먹지 않지만 라프하우스의 시그니처라고 선택해 봤어요. 오렌지 비엔나가 들어있어 커피 한 모금에 상큼한 맛과 향이 느껴져서 크림의 거부감은 절대 느껴지지 않았어요. 크림과 커피를 같이 마시니 에스프레소가 너무 부드럽게 느껴졌어요. 나의 다정맨이 선택한 라떼 베이스도 달지 않지만 더 부드럽게 느껴져서 '머랭롤라드'와 너무 잘 어울리는 메뉴였어요. 크림의 부드러움이 보이세요? 저 작은 티스푼으로 상큼한 오렌지 크림을 그냥 떠먹고 커피에 적셔서 또 떠먹어봤어요. 아~! 여기 라프커피는 커피 맛집 맞아요. 제가 선택한 에스프레소 베이스인 라프커피와 나의 다정맨이 선택한 라떼 베이스인 라프커피에요. 커피를 진하게 못 드셔도 에스프레소 베이스도 정말 괜찮을 것 같아요. 점심 약속이 있어서 디저트를 많이 못 먹고 와서 정말 아쉬웠어요. 다음에는 파블로바 먹으러 다시 방문하기로 했어요. 고급스러운 이 접시와도 너무 잘 어울리는 예쁜 디저트와 라프커피로 맛있는 기분 전환이 되었어요. 연트럴파크 연남동 데이트 코스 찾으신다면 고급스럽고 맛있는 연남동 디저트 카페로 라프하우스 추천드립니다. 라프하우스 서울특별시 마포구 동교로32길 10 2층 라프하우스"
연남동 디저트 카페 홍대 라프하우스 : 통유리창이라 탁 트인 뷰,"날씨 좋은 주말에 연남동에서 빈 자리 있는 카페 찾기란 정말.. 운 좋게 빈자리가 있어서 가게 된 연남동 카페 라프하우스 연남동 카페 라프하우스 주소: 서울특별시 마포구 동교로32길 10 2층 위치: 홍대입구역 3번 출구에서331m 영업시간: 매일 12시~21시 2층 올라가는 길에 귀여운 오브제가 있어서 찍었다 우주 조아 행성 조아 어둑칙칙한 회색 계단을 따라 올라가면 홍대 카페 라프하우스 도착! 라프하우스는 커피랑 디저트를 함께 파는 곳이다 연남동 골목에 위치해 있지만 2층에 있고 벽면이 통유리창으로 되어있어서 탁 트인 느낌이 들었다 이 날은 날씨도 맑아서 광합성하기 딱 좋았다 연남동 카페 라프하우스 내부는 넓진 않았지만 테이블도 띄엄띄엄있어서 대화하기 좋았다 운 좋게 마지막 남은 빈 테이블을 차지하고 음료랑 디저트를 주문했다 흑,, 연남동 카페 라프하우스 메뉴/가격 라프하우스는 메뉴를 미리 만들어놓지 않고 주문 즉시 플레이팅을 해주신다고 한다 라프하우스의 모든 디저트는 전문 조리사가 만들어주신다고 적혀있어서 신뢰 +1 획득 이렇게 매장 한켠에서 디저트를 만드는 모습을 직접 볼 수 있다 우리는 아메리카노 5,000원 청귤에이드 6,500원 에로스(히비스커스플라워) 6,500원 머랭롤라드 7,000원 요렇게 주문했다 이제 당연하게 디저트가 국밥 가격이다 흑 한켠에 사진 찍기 좋은 스팟이 꾸며져 있었는데, 와중에 고뇌하는 해골이 너무 귀여워서 찍어왔다 로뎅의 생각하는 해골, ,, 뭉크의 절규,, ,,? 손님들이 나가면 테이블을 바로바로 닦아주셔서 좋았다 그 설빙의 찐득찐득한 트레이나 지저분한 테이블,,을 너무 싫어하는 1인으로써 요런 부분이 너무 맘에 들었다 음료랑 디저트는 한 번에 가져다 주셨는데 비주얼이 정말 예뻤다 머랭 룰라드는 프렌치 머랭을 이용해 속에 과일, 그릭요거트와 마스카포네 치즈로 만든 크림을 가득 채워 말아 만든 롤케이크라고 한다 부드러운 식감에 과일이 올라가 있어 상큼하게 먹을 수 있는 디저트다 라프하우스의 파블로바는 겉이 바삭하고 속은 폭신한 식감인데, 겉면에 아몬드 슬라이드가 붙어 있다 밤식빵의 건포도가 호불호 갈리듯이, 파블로바의 아몬드 조각도 호불호가 갈렸다 파블로바 머랭케이크에 들어가는 크림은 마스카포네 치즈가 들어 있는 동물성 100%의 생크림이라고 하는데, 일반적으로 떠올릴 수 있는 생크림 맛이였다 막입이라 맛은 특별한지 모르겠고 그렇게 맛있는지도 모르겠지만,, 주문한 디저트 설명이 적힌 종이를 같이 주셨는데 이름이나 유래를 알고 먹는건 좋았다 에이드는 과일청을 넣어주셨는데, 과일향 시럽이 아니라서 좋았다 시럽 넣어주면서 7천원씩 받는 곳은 진짜 시럽리스트 만들어서 공유해주면 좋겠다,, 생과일주스 착즙해서 만들어주는 메뉴도 추가해주시면 좋겠다 흑 의자가 편한 것도 아니고 음료나 디저트 맛도 특별하지 않지만 사장님이 친절하시고 매장이 깨끗해서 좋았다 친절 넘나 중요,, 청결 중요,,, 라프하우스 서울특별시 마포구 동교로32길 10 2층 라프하우스 #연남동카페 #연남동디저트맛집 #연남동디저트카페 #홍대카페 #홍대디저트카페 #홍대디저트맛집 #홍대디저트 #연남동디저트 #연남동카페추천 #홍대카페추천"
연남동 카페 라프하우스 디저트 크림 커피 티카페,"안녕하세요? 오늘도 씩씩한 또프입니다. 디저트를 좋아해서 즐겨먹어요. 그 중에서도 짝꿍과 저 둘다 좋아하는 다쿠아즈를 함께 먹으면 스트레스가 싹 풀리더라고요. 연남동 카페에서 데이트를 했는데 힙한 소품에 멋진 인테리어도 있고 디저트, 커피 다양한 곳은 많은데 거기에 더해 차(tea)도 다양히 즐길 수 있는 곳을 알게되었어요. 라프하우스 서울 마포구 동교로32길 10 2층 라프하우스 매주 화요일 정기휴무/ 월수목금토일 12:00~9PM 라프하우스 외관 연남동 카페는 연남동 골목 사이에 위치해 있어요. 번화가보다 비교적 조용한 곳에 위치해서 조용한 카페에서 이야기 나누고 싶을때 오면 됩니다. 라프하우스 외관 1층 외관부터 뭔가 번쩍번쩍하면서 원목과의 디자인이 주변 건물보다 돋보여요. 2층을 계단으로 올라가면 됩니다. 계단으로 올라가며 본 특유의 인테리어 계단으로 금방 올라오면 되는데 그 시간에도 인테리어를 이리저리 구경하면 오늘의 연남동 카페 도착입니다. 라프하우스 내부 내부 인테리어도 깔끔한게 예쁜 친구집에 놀러온 것 같더라고요. 가구도 디자인이 다르면서도 공통적으로 무채색에 가까운 톤으로 조명으로 포인트를 줘서 댄디한 느낌이났어요. 벽에는 포스터나 책을 알록달록 배치하고 군데군데 아크릴 느낌의 가구가 있어서 인테리어 가구를 사러 온 기분도 들었어요. 둘러보는 재미가 쏠쏠했어요. 오후 3시쯤으로 점심과 저녁 사이시간인데 평일이라 사람이 많진 않겠다 싶었는데 저희가 나올땐 좌석이 거의다 찼답니다. 라프하우스 메뉴판 연남동 카페에서 난생 처음 본 아이맥을 활용한 메뉴판 전자제품이 예뻐서 별다섯개 드리고 메뉴가 다양해서 고르는재미로 별다섯개 드려요. #라프커피 6500원 #아몬드크림라떼 7000원 #흑임자다쿠아즈 와 #황치즈다쿠아즈 각각 3800원 음료 두개와 디저트 두개를 시켰어요. 커피를 못드시는 분들을 위해서 NON-COFFEE, TEA, ADE도 커피 종류만큼 다양히 있었는데 커피 못마시는 친구 데리고 오면 반가워하겠더라고요. 다양한 음료를 좋아하는 사람들이 모두 즐길만한 연남동 카페를 찾는다면 여기서 평화적으로 주문할 수 있어요. 짝꿍은 견과류가 들어간 음료를 먹고싶다며 아몬드크림라떼를 골랐어요. 전 아메리카노 위에 수제 오렌지크림을 올려둔 라프하우스 시그니처 커피음료인 라프커피가 기대가 됐어요. 오렌지크림과 커피의 조합이 생소했거든요. 라프하우스 주의사항 주문을 하면 즉시 플레이팅을 한다해요. 곳곳에 만석일경우에 대한 얘기가 있는걸 보니 연남동 카페 중 핫플이 분명했어요. 라프하우스 내부 앉은 자리 앞에 있던 조형물들이에요. 온통 '라프하우스' 가게이름만으로도 멋스러운 디자인이 된다니 곳곳이 사진찍기 좋은 포토스팟이에요. 의자로 앉기엔 아파보이지만 눈으로 보기엔 맘이 힐링되는 연남동 카페 공간의 가구들 아크릴 느낌이 좋아서 자세히 구경했답니다. 라프커피 6500원 아몬드크림라떼 7000원 흑임자다쿠아즈, 황치즈다쿠아즈 각 3800원 자리에 앉아 있었는데 직접 가져다 주셨습니다. 티코스터도 철제로 음료가 더 돋보이게 하고 흰테이블과도 찰떡이었어요. 연남동 카페의 특색있지만 심플한 플레이팅 라프커피 6500원 커피위에 오렌지크림이 올라갔는데 컵으로 후루룩 마셔보니 오렌지의 상큼함+커피의 고소함이 상상했던것 보다 잘 어울리고 입안에 오렌지향과 커피향이 은은하게 남는게 기분도 상쾌해지더라고요. 아몬드크림라떼 7000원 아몬드가 올려진 크림이에요 위에 초코가루를 올렸는데 아몬드향만 강하면 자칫 느끼할 수 있는데 달달한 초코가 마무리해주니 질리지 않고 고소+달달을 함께느끼는 재미가 있더라고요. 연남동 카페의 트렌디한 느낌과 어울리는 남녀노소 무난히 좋아할 음료였어요. 흑임자다쿠아즈, 황치즈다쿠아즈 각 3800원 짝꿍과 제가 둘다 좋아하는 디저트 은근히 카페에서 찾기가 힘들어요. 그래서 찾게되면 두개이상 시켜야 아쉬움이 없는데 연남 카페에서 두가지 맛이 있어 얼마나 반갑던지 하나씩 신나게 칼로 반을 나눠줍니다. (이유 : 서로 싸우지 않고 나눠먹기 위해서) 황치즈 다쿠아즈는 느끼하지 않은 황치즈의 고소함이 있어서 독특했고 맛났어요. 이 흑임자 다쿠아즈가 제겐 안성맞춤 사이에 있는 흑임자 크림이 왜이리 고소한가요? 디저트가 도착했을때부터 눈을 사로잡고 향으로 존재감을 알리더니 맛도 적당히 달달하고 고소해서 흑임자 좋아하는 분들은 놓치면 안되는 메뉴 라프하우스 창가 좌석 주문할땐 자리가 있어 못앉았지만 나올때 자리가 비어 있어 찍어봤어요. 앉았던 옆자리에 있던 창가 좌석인데 의자도 예쁘고 통창으로 바깥 구경하기도 좋아서 금방 차는 자리더라고요. 라프하우스 내부 다양한 커피, 논커피 종류와 맛있는 디저트를 먹고 싶고 비교적 조용하고 깔끔하고 모던하면서도 포인트가 있는 공간의 연남동 카페 라프하우스 서울특별시 마포구 동교로32길 10 2층 라프하우스"
홍대 연남동카페 라프하우스••파블로바 케이크 특별한 디저트맛집이야❤️,"홍대입구 연남동 카페 라프하우스 특별한 머랭 파블로바 케이크가 있는 곳 라프하우스 서울특별시 마포구 동교로32길 10 2층 라프하우스 오늘은 지난번 연남동 데이트때 방문했던 홍대입구, 연남동카페 디저트 맛집 라프하우스 리뷰해보기❤️ 개인적으로 파블로바를 굉장히 좋아하는데, 내가 이전에 일했던 업장에서 파블로바 디저트를 처음 경험해보고(그 때만해도 파블로바 파는곳이 많지 않았음…) 첫 입에 반해버린 것 ! 그 후로는 사실 파블로바를 먹어볼 기회가 많지 않았는데, 홍대근처에 파는 곳이 있다해서 바로 직행했다🫢 라프하우스 찾아가는건 어렵지 않은데 홍대입구역 3번출구로 나와 10-15분 정도 거리로 골목 안쪽의 2층 건물에 위치! 다만 간판 자체가 크지는 않은 편이라 방심하다간 지나칠수도 있음 주의! 오픈 시간은 12:00 로 카페치곤 조금 늦은편인데 마감은 21:00 로 이것도 카페치곤 조금 늦은편… 사실 난 이렇게 늦게 열고 늦게 닫는 카페 좋아함❤️ 피크타임엔 웨이팅 발생한다고 하나 나는 12시 바로 맞춰갔더니 웨이팅 없이 바로 착석했다 다만 우리가 디저트를 먹고있을때 쯤 거의 만석이 됐다 역시 .. 나름 (?)핫플이었던 것!!!! 내부는 크게 넓진 않지만 그래도 좌석 간 공간은 어느정도 확보가 되어있는 축에 속한다 다닥다닥 붙어있는 느낌까진 아니라 맘에 들었음 나름 귀엽게 꾸며진 섹션도 있어서 포토존으로 썩 나뿌지 않음 ~~ 🖤🤍🖤🤍 창가석이 비어있길래 착석 - 했지만 건물뷰라 … 뷰 자체는 그닥 좋진 않다 🥲 홍대에서 뷰를 기대하기란.. 다만 통창이기 때문에 갑갑한 느낌 없이 탁 트인 느낌이 괜찮다 🫶🏻 왜 하이볼이 바에 있나 싶어서 메뉴판을 보니 칵테일과 맥주도 함께 판매하는 곳이었던 것! 예전에 방문했던 한남동의 어느 한 카페에서도 커피, 주류 그리고 팝콘을 같이 판매했었는데 단순히 커피만이 아닌 술까지 즐길수도 있는 부분이 이 곳을 또 찾게되는 매력이 될수도 ~~~~ 라프하우스 카페는 1인 1음료 필수 ! 아마 2인일시 1음료 1디저트 이런건 안되는듯 하다 그리고 만석일 경우 최대 2시간 이용가능. 주말, 공휴일은 노트북 사용 금지- 이런 부분정도는 개인 카페 이용 매너기때문에 얼마든지요 ~❤️ 이렇게 초도 함께 판매하고 있는 곳이라 기념일이라면 파블로ㅂㅏ 케이크 초 꽂아서 기념가능! 초도 넘 아기자기하고 귀여웠다 🐻🎂🎊🎁🎈 특별한 케이꾸 느낌으로다가! 일단 음료가 먼저 등장~ 나는 아이스 아메리카노, 오빠는 초코라떼 따듯한거. 커피는 무난, 초코 라떼도 무난- 귀여운 스티커 두장도 같이 주신당 ㅎㅎ 그리고 10분정도 기다리니 등장한 파블로바 케이크❤️ 너무예뻐 🥰 우린 1단으로 주문했고, 그래서 다소 아담했지만 둘이서 먹기엔 딱 좋은 양이라고 느꼈다. 그도 그럴게.. 머랭이 워낙 원래 많이 달아서🥹 식후에 음료랑 즐기기엔 이정도가 딱인 느낌! 케이크 위에는 슬라이스된 딸기가 곁들여져 있고 플레이트에는 블루베리, 라즈베리, 파인애플도 조금:) 처음엔 저 얇은 파인애플 보고 묵은지인줄 알앗..(?) 오빠한테도 이거 묵은지아니냐며 ㅎ 머랭이 안쪽까지 바싹하게 구워진 스타일인가 하고 살짝 기대는 안하고 있었는데, 나이프로 갈라보니 내가 정말 좋아하는 스타일의 - 겉은 바삭하고 속은 쫄깃하게 구워진 폭신폭신 파블로바였다 🎂 계란 비린내도 나지 않고 그저 빠삭 폭신 쫀득~ 딱 내가 찾던 그 느낌이라 기분 최고 ❤️❤️❤️ 위에 곁들여진 크림과 과일을 한껏 떠서 왕- 하고 한입에 넣어먹으면 그 첫 입은 바삭하고, 후에는 입에서 사르르 녹는게 정말 공기같은 디저트 케이크 … 이거지 🥰 디저트중에서도 정말 고급스런 느낌이 나서 넘 좋아 처음 접했을때 이게 뭐지 ? 했었는데 먹으면 먹을수록 참 묘한 매력이 있다 ..🖤 크로플이나 빵은 너무 배부르고 부담스러울 때, 왠지 특별한 느낌의 디저트를 먹고싶을 때 추천하고싶은 파블로바 케이크❤️❤️❤️ 보기에도 넘 귀엽잖아 🫢 그리고…순삭 오빠도 맛있게 먹어줌!! 맛있고 비쥬얼도 귀엽고, 다만 조금 아쉬웠던점이라면 … 카페 서버분들의 유니폼이 사복? 이었던 듯 한 … 그래서 손님인지 직원분인지 구별이 안되는 🥲 이런 부분만 좀 개선되면 더 전문성이 돋보일거같다 디저트 퀄리티는 아주 좋았음 ~~~🫶🏻 오늘도 잘 먹었답니다 🍓🍰 물론 내돈내산이었구요! #홍대카페 #연남동카페 #홍대핫플 #연남동디저트 #홍대파블로바 #연남동파블로바 #파블로바케이크 #머랭파블로바 #머랭케이크 #연남동맛집 #라프하우스 서이추 #공감 #연남카페"
"연남동카페, 파블로바 케이크가 맛있는 라프하우스! rafhouse","안뇽하세요 (*'ω'*) 오늘은 대학찐구들이랑 다녀왔던 연남동카페 "" 라프하우스 "" 포슷힝 🙏 오랜만에 만나서 수다떨러 간 라프하우스 , 디저트가 진차 맛있다고 해서 기대를 잔뜩하고 찾아갔답니댜 😆 라프하우스 서울특별시 마포구 동교로32길 10 2층 라프하우스 연남동카페 라프하우스는 홍대입구역 3번 출구와 가장 가깝습니다 :) 연트럴파크 지나서 더 들어가면 돼요 ! 홍대 ,, 한 때 냐냐랭의 홈그라운드였는데 ㅠ 라프하우스는 2층이에요 ! 📍영업시간📍 - 매일 12:00 ~ 21:00 - 매주 화요일 휴무 🚗 주차 불가 ☎️ 02-337-7353 계단을 올라가면 요로코롬 웨이팅 의자도 있어욥 ➿ 저는 바로 앞에 쇼파도 웨이팅석인줄 알았는데 앞에 테이블이 있었음 ㅋㅋㅋ 연남동카페 라프하우스의 내부 분위기는 이렇습니다 ! 깰꼼쓰하고 힙한 느낌 뿜뿜 🤪 곳곳에 인테리어를 넘 예쁘게 해놓으셨더라구요 ! 파랭이곰도뤼 조명 넘 취저 💙 ✨메뉴판✨ * 1인 1음료 원칙입니다 * 커피 메뉴 중에서는 라프커피랑 아몬드크림라떼가 제일 잘 나가는 것 같더라구요 ! 둘다 위에 크림이 올라가 있어요 뭔가 여기 밀크티맛집 향이 물씬나서 냐냐는 홀린듯이 밀크티 ,, 약간 그런 거 있지 않아요 ?! 뭔가 카페 들어서서 메뉴 주문하기 전에 살짝 여기 밀크티 맛있을 것 같다 이런 거 ㅋㅋㅋ 딴 메뉴는 모르겠는데 밀크티는 몬가 ,,, 시키고싶어지는 곳이 있단 말이쥐 ? ?? 카운터에 구비되어있는 물티슈와 냅킨 ! 그리고 뽀짝한 스티커까징 😝 ✔️ 파블로바케이크는 소진되는 경우가 많아 미리 예약주문도 가능해요 ! 💟 인스타그램 참고 해주셔유 💟 라프하우스(@rafhouse_seoul) • Instagram 사진 및 동영상 팔로워 781명, 팔로잉 3명, 게시물 72개 - 라프하우스(@rafhouse_seoul)님의 Instagram 사진 및 동영상 보기 instagram.com 왜 호다닥 소진되는지는 끝까지 읽어보시면 아실고에욥 ( ͡° ͜ʖ ͡°) 자리가 아까 웨이팅석인 척하는 소파랑 여기 밖에 없어서 3명이니까 요기 착석 ! [ 아몬드크림라떼 7,000원 ] [ 밀크티 7,000원 ] [ 아메리카노 5,000원 ] 통통이잔이랑 날씬이잔의 코스터 종류가 다른데 아메리카노 코스터 넘 귀욥 ㅜㅜ 밀크티는 병으로 주시고 따라 마시면 되는데 다 따르면 저만큼 나와요 ! 냐냐픽 ) 밀크티 쫀맛탱 💙 완전 제가 원하는 맛의 밀크티에요 ! 홍차향이 너무 강한 것도 싫고 그렇다고 너무 밍밍한 것도 싫어하는데 찐하면서 홍차향이 그렇게 세지도 않아서 홀짝홀짝 계속 마셨어요 ㅋㅋㅋㅋ 흔이픽 ) 아메리카노는 산미 없는 편이고 다른 곳보다 찐했던 것 같아요 ! 무난한 메뉴라서 이까지먄 ,, 융지픽 ) 아몬드크림라떼는 아몬드두유맛 ? 엄청 꼬소하고 위에 올라간 크림도 하나도 안느끼하고 맛있었움 ㅠ 적당히 달달했오요 넘쥬아 중용의 맛 !!! 💙 그래서 융지꺼 쵸큼 뺏어무금 ㅎㅋ [ 딸기파블로바케이크 11,000원 ] 아니 이거 셋 다 처음 먹어보는데 한 입 먹자마자 다들 띠용 ? 모야 이거 몬데 이케 맛있더 ?0? 🎂 찾아보니까 파블로바 케이크가 머랭시트에 마스카포네 크림 얹어서 만드는 거더라고요 ?? 머랭시트라 그런지 처음에는 사진처럼 과자 같았꾸 첫입은 되게 파삭파삭 했는데 씹을 수록 쬰득 쫄깃해짐 ,, 그래서 마시멜로우인가 ? 했는데 머랭이었어 !!! 🤍 위에 크림이랑 과일들도 아낌없이 올려주셔서 진짜 행복했어요 ,, 😋 뭔가 수플레팬케이크 처음 먹었을 때의 그 황홀함 ,, 난 왜 파블로바의 존재를 이제야 안거지 ,,? 2단으로 먹을걸 ,,, 이걸로는 부족하댜 ,, 🙋‍♀️ 머랭이라 처음에는 좀 단단해서 잘 안잘려지니 힘을 세게줘야해요 💪 먹다 만 음료들과 파블로바 ^^,, 깰꼼하게 클리어 하구 와씁니다 ! 진짜 파블로바 맨날맨날 먹고싶따 ,, 🐷 화장실은 매장내부 카운터 옆에 있고 남녀공용 입니다 ! 엄청 깔끔하게 관리되어 있었음 👍 햐 ,, 추억의 연트럴파크 ,,, 당연한거겠지만 지금은 사람이 옛날에 비해 많이 없네요 😭 연남동카페 진짜 많은 거 아시져 ,, 그만큼 맛있는 디저트들도 많은데 다음에는 고민하지 마시고 라프하우스 한번 가보셔유 ,, 매우 성공적이어따 ,, 💙 다녀온 이후로 파블로바 케이크가 자꾸 아른아른 거리는 중 ㅋㅋㅋㅋ 파블로바 케이크는 진차 꼭 드세요 !! 밀크티도 넘 맛있움 ㅠㅠ 아몬드크림라떼도 맛있었어서 라프커피도 맛있을 것 같아요 ! 그냥 여기 크림자체를 잘하는 곳 ,, 크림 들어간 건 다 맛있쟈냐 ?? 사장님이랑 직원분도 넘 친절하게 응대 해주셨어욥 ㅎㅎ 연남동카페 라프하우스 매우 추천 👏👏 파블로바야 기다렷 ,,! 재방문의사 100% 내돈내산 100% 우리 이웃님들 (〃ω〃) 새해복 짱많이 왕많이 받으시구 행복한 명절 연휴 되셔요 🌹 ❤️ 항상 감사합니댜 ❤️ 하뚜"
연남동 디저트 카페 :: 라프하우스,"연남동 디저트 카페 라프하우스 작년 연말? 간만에 홍대에 다녀왔습니다. 생각해보니까 홍대 진짜 오랜만에 사실 저는 홍대생은 아니고 홍대입구생이라, ( 30년 넘게 살면서 홍대 정문 안으로 한번도 안들어가봄) 홍대입구생이라, 자주 놀러가는데 오늘은 그 반대쪽으로 연남동으로 다녀왔어요. 연남동 라프하우스 홍대입구역 3번 출구에서332m 엄청 가까운 곳이더라고요. 진짜 넉넉하게 걸어가도 5분이면 도착하는거리? 나름 여기가 데이트 핫플이라고 하더라고요. 연남동은 진짜, 카페 천국이라, 기본 베이스 카페로는 못살아남아요. 연트럴파크에서 도보 2분? 진짜 겁나 가까워요. 메뉴판 체크 오늘의 메뉴는 아몬드크림라떼와 아메리카노 머랭롤라드 초코맛으로 주문했습니다. 그리고 연남동이라서 그런지 커플들도 많고 여여끼리 분들도 많이 오시더라고요. 테이크아웃하면 전메뉴 천원 할인 해주니까 체크해주세요 머랭룰라드 초코 가격 7,000원 룰라드 라는 뜻은 말아서 만든 음식의 총칭을 룰라드 라고 하고 프랑스어 Rouler에서 유래가 된 음식이라고 하더라고요 보통 얇게 뜬 쇠고기 조각 혹은 구운 스펀지 케이크 등등으로 룰라드 라고 합니다. 저는 이거 처음 먹어보는데 빵 자체도 엄청 푹신하고 거기에 머랭까지 만들어서 달달해서 좋아요. 근데 그렇게 극강의 단맛까진 아니라서, 많이 안달아서 좋더라고요 머랭도 되게 고급지게 만들어놨더라고요. 검색해보니까 여기 대표님이 쉐프 출신이라고 하더라고요. 제빵하시는분들은 아시겠지만, 머랭 칠때 기계가 다 해준다고 하지만, 전공자들은 아실거에요. 핸드메이드 머랭치기 진짜 노다가인데, 겁나 빡세거든요. 근데 다들 하실줄 아실거라고 믿어요. ( 경험담 이니까요.) 아몬드크림라떼 가격 7,000원 온리 ice 말 그대로 라떼 위에 아몬드크림이 올라가 있는데, 여기는 라프커피가 시그니처 이더라고요 오렌지 비앙코를 판매하는데, 저걸 먹어볼껄 그랬나봐요. 사실 여기 맛있는거 엄청 많이 있더라고요. 맛있는거 옆에 맛난거 겁나 많습니다. 한 입 베어 무는 순간 달달한 크림이 아주 그냥 겁나 맛있습니다. 진짜 다시 한번 말하지만, 10kg로 사서 쟁여두고 싶을 정도에요. 겁나 맛있어요. 아메리카노 가격 5,000원 코스터 한 잔위에 아메리카노가 나왔는데, 산미가 살짝 느껴지는 커피 이었습니다. 산미가 있는 커피 좋아하신다면 오히려 싱거울수도 있을듯 약간의 산미가 느껴지는 커피, 요즘은 실내도 워낙 따듯하니까 정확하게는 요즘 겨울이 많이 안춥더라고요. 올해도 생각보다 많이 춥진 않잖아요. 진짜 -10도 되는 날이 손에 꼽을 정도이잖아요 그래서 실내에서는 아이스 음료를 시키는 경우가 많더라고요. 저는 술은 가끔 마시는 대신에 커피는 거의 7일중에서 5번 정도 마시는듯? 예전에는 친구랑 밥먹고 무조건 커피인데 요즘은 코로나 때문에 집에 있는 시간이 많아서 카페보단 집에서 커피 한잔 하는 경우가 많아요. 저도 진짜 간만에 연남동 나간거라 신났어요. 전체적으로 음료랑 한잔 사진 남겨봤어요. 아주 가끔은 단거 먹고 싶은날 있잖아요. 여기가 디저트 맛집 이니까요 ^^; 그럴때 주문하세요 여기 신기한 디저트들 많이 있어요. 요즘 딸기가 제철이라서 데코를 딸기로 했는데, ( 요즘 딸기 비싸거든요 ㅠ) 거기에 머랭까지 올라갔으니 겁나 맛있는게 팩트 진짜 푹신푹신하고 머랭 룰라드 두번 드세요 여기 오면 무조건 드세요. 이거 먹으러 오세요 인스타에서도 핫하더라고요. 사실 저는 이거 처음 먹어보는건데, 이렇게 예쁜데 먹을만 하지 않겠어요? 진짜 사랑합니다. 여기가 유명하다고 하던데 이유가 다 있더라고요. 이거랑 여기 파블로바 맛집인거 알고 계시죠? 디저트 맛난거 겁나 많아요. #연남동카페 #연남동디저트카페 #라프하우스 #연남동카페추천 #연남동케이크 연남동 라프하우스 다녀온 썰 풉니다. 평일 저녁임에도 불구하고 사람이 많더라고요. 원래 제가 저 빈자리 앉았는데, 충전 하려고 옆 자리로 이동한거든요 여기 테이크아웃 하러 오는 사람들도 꽤 많고, 연남동 디저트 카페 라서 그런지 꽤 유명..한가봐요. 나도 유명해졌으면 좋겠네요 ^^ 커피 한 잔 할까요? 라떼 같은 경우는 단순히 우유랑 에스프레소만 넣는다고 되는게 아니거든요. 그 비율에 따라서 맛 차이가 확 느껴져요. 일반적인 라떼는 그냥 되게 텁텁한 뒷맛이 많이 나는데 그게 전혀 없고 부드럽더라고요. 라떼 특유의 쓴맛? 이라고 해야하나 에스프레소가 쓰기 때문에 그런데 전혀 그런맛도 없고, 그 위에 아몬드 크림이 진짜 맛있어요 달달하니까, 혹시 사장님 아몬드 크림 벌크로 파실 생각 없으신가요? 제가 살께요 제가 많이 살께요. 이 사진은 8시50분쯤 찍은 사진이라, 사람들 다 빠져나가고 여유롭게 사진 한 장 찍어봤습니다. 여기 인테리어도 진짜 고급스럽게 해놨더라고요. 저 곰돌이가 진퉁? 이라면 진짜 비싸거든요. 저도 저거 가격 듣고 진짜 놀랬는데, 알게 모르게 인테리어도 정말 잘해놓으셨더라고요. 여기가 인스타 갬성 카페이니까, 저도 갬성 같은 느낌으로 찍어보고 싶었어요. 연남동카페 라프하우스 놀러오세요. 진짜 맛있는거 잔뜩 있습니다. 그럼 여러분 안녕~? 라프하우스 서울특별시 마포구 동교로32길 10 2층 라프하우스"
"<연남동> 분위기 좋고 맛 좋은 예쁜 디저트카페 ""라프하우스""","오랜만에 남치니랑 홍대에서 만나기로하고 기다리기 위해 간만에 혼자 방문한 카페 #연남동카페 #라프하우스 연남동에서 디저트 맛집으로 유명한, 라프하우스 한시간정도 여유시간이 남아서 평일시간에 웨이팅없이 방문할 수 있을것같아 혼자 한가로운 시간을 즐기기위해 방문했다 전화번호 0507-1389-7353 주소 서울 마포구 동교로32길 10 2층 라프하우스 영업시간 월수목금토일 : 12:00-21:00 매주 화 : 정기휴무 연남동에서 조금만 걸으면 발견! 1층에는 양복점이 있어서 찾아오기 쉽다 라프하우스 서울특별시 마포구 동교로32길 10 2층 라프하우스 2층으로 올라가는 길에 멋스러운 사진들. 계단으로 한층 올라가면 바로 입구가 보인다 저녁 6시에 방문했는데 꽤 손님들이 앉아있었다 대부분 여성분들이었고 저녁시간 때 방문이라, 커피보다는 논커피, 에이드와 티 종류로 마시고 싶어서 자몽블랙티로 주문! 그리고 디저트로 머렝롤라드를 주문했다 점심대였으면 오렌지비엔나 시켰을텐데..! 라프하우스 스티커들 심플한게 깔끔해서 하나 집어왔다 공간 인테리어도 아늑하니 잘 어울렸다 포스터 등으로 벽에 포인트를 주었고 요즘 카페에서 많이 볼 수 있는 다양한 의자들까지! 중간에 특이한 조형물도 있었다 내부가 넓고 테이블이 많은 건 아니었지만 심플한 인테리어 전면엔 통유리로 되어있어서 바깥 외부 모습을 볼 수 있다 나는 1인석 같아 보이는 창가자리에 앉았다 히히 맞은편에 보이는 화분들 조용하니 좋구나 혼자 카페 오랜만에 오는데 이런 여유로움을 잊고있어쒀!!!!!! 금방 준비되어 나온 자몽블랙티와 머렝롤라드 음료는 자리로 직접 가져다주신다 입장하고 카운터에서 주문과 계산만 하고 음료 가져다주시고 다먹은 음료도 자리에 두고가면 다 치워주는 시스템 자몽블랙티와 머렝롤이드 컬러도 이쁘고 비주얼도 참 좋네 여성분들이 딱! 좋아할만한 비주얼이긴해 (나도 여자라서,,*___*) 겹겹이 말려있는, 먼저 자몽블랙티부터 마셔봐야지 나름 연남동에서 걸어오느라 살짝 숨찬? 목이 말라서 추운날에도 역시나 아이스로!! 잔 받침이 너무 귀여워서 나도 하나 갖고싶었다,, 나중에 나도 이런거 떠볼 수 있을까 희희 자몽블랙티 블랙티라 티가 들어가있고 밑에 자몽액상이 깔려있어서 잘 섞어먹었다 단맛은 살짝 적지만 시원하게 마실 수 있었던 자몽블랙티! 살짝 나는 자몽향도 너무 좋았다 내가 자몽을 좋아해서 그런가..!!! 너무 먹음직 스러운, 비주얼도 너무 예쁘고 마구잡이로 먹기가 조심스러워.. 속은 엄청 촉촉하고 부드러워서 사르르 입에서 녹는다! 군데군데 초코칩도 보이고 먹다가 바나나맛이 나서 뭐지?했는데 바나나도 들어있었다 바나나맛도 은은하게 나고 부드럽고 부담스럽지않은 디저트 생크림도 과하게 달지않고 너무 맛있었는데..!!! 왜 디저트맛집이라고 하는지 알겠다 디저트로 훌륭한 카페!!! 곧 저녁먹을 시간임에도,, 부드러운 식감과 너무 달지않은 디저트에 결국 싹싹 먹어버렸다...후후 디저트에 커피가 더 잘 어울렸을 것 같지만 자몽블랙티도 나름 나쁘지않았다 내가 앉은 자리에서 정면으로 보이는 라프 문구 다음엔 짝꿍이랑 같이 와서 나란히 앉아 먹어야지 카페에서 나올쯤에도 카페에 은근히 사람들이 앉아있었다 다들 디저트는 하나씩 꼭 시켜먹던데 디저트맛집인거 알고 왔겠지? 혼자 여유로운 시간 즐기면서 맛있는 디저트로 시간 잘 보내고 왔다 다음엔 유명한 파블로바 케이크를 먹어봐야지 옆테이블 주문한 파블로바 얼핏 봤는데 넘 예쁘고 맛있어보엿어😎 화장실도 내부에 있고 깨끗해서 손씻고 볼일보기에도 너무 좋았다 다음에 또 와야징"
[연남동/카페] 라프하우스 (RAFHOUSE),"하이루 이번엔 연남동으로 가보아요 라프 하우스는 인스타그램에서 보고 가게 된 카페! 올라온게 너무 맛있어보이잔낭.. 고럼 시작~! 라프하우스 서울특별시 마포구 동교로32길 10 2층 라프하우스 금/토 11:00-22:00 일/월/화/수/목 11:00-21:00 라프하우스(@rafhouse_seoul) • Instagram 사진 및 동영상 팔로워 495명, 팔로잉 2명, 게시물 53개 - 라프하우스(@rafhouse_seoul)님의 Instagram 사진 및 동영상 보기 www.instagram.com 라프하우스 짜잔 - 골목을 들어서서 걷다보면 이렇게 개성 강하게 생긴 건물이 있다 첨에는 지나칠뻔했다가 표지판 보고 멈춰선 나. 건물이 뾰족뾰족해~~ 데드스페이스? 올라가는 계단도 예사롭지 않은.. 이게 요즘 사람들의 힙 . 인것인가? 큭 사실 들어갈땐 주변에 관심없어서 몰랐다가 내려올때 보고 찍었다 ㅎㅎ 라프하우스 메뉴판 메뉴판을 성의없게 찍는 사람이 있다? 바로 나 헤헤.. 맨날 올릴 수도 있응께! 하고 대충 찍고 막상 정말 올리게 되면 후회한다 담에는 잘찍어보는걸로.. 메뉴는 꽤 다양하게 있었다 디저트 넘 기대돼.. 라프하우스 라프 하우스의 전체적인 이미지. 뭔가 많지만 눈에 거슬리지 않는다 요즘 유행하는 미드센추리가 요런 너낌? 동일한 가구는 없는데도 개성있는 가구들이 더 잘어울리는 곳이였다 시간 애매하게 왔더니 손님이 한테이블뿐! 하지만 우리 뒤로 사람들이 가득가득 들어왔다 연남동 웨이팅 싫다면 애매하게 오는걸 추천.. 중간중간 요런 포인트도 예뻤다 키키 구냥 맘에 들어서 올리기 첨에는 요 자리에 앉았었다! 거울도 있고 가구도 나무라 좋았기 때문. 하지만 입구 바로 앞이라 올라오는 사람들을 마주해야하고, 테이블이 먹기에는 쫌 불편하단 느낌이라 거울에서 사진만 찍고 도망~ 그래서 귀여운 선인장 뒤쪽 자리를 겟 테이블과 테이블의 간격이 꽤 넓어서 편하게 시간 보내기 가능! 다닥다닥 붙어있는거 싫다구 ㅠ 청귤에이드 석류팬지에이드? 짜잔 먼저 음료가 나왔다 비주얼 끝장.. 일단 의도한건 아니지만 같이 간 친구랑 나랑 시킨 음료가 각자 옷 색상이랑 너무 잘 맞았다ㅠ 이쁘니까 을매나 맛있게요 눈으로 한 번 입으로 한 번 ㅎ 또록 파블로바 등장! 누가 이렇게 못 찍으래? 실물을 못 담는 ㅠ 데코가 넘 예뻐서 먹기가 아까웠다 망가뜨릴 수 없단 말이제 라프하우스 파블로바 파블로바 비주얼 한 번 보고 가실게요~~! 파블로바는 밀가루가 아닌 머랭으로 만든 케이크다 그래서 식감이 폭삭폭삭하다 폭삭폭삭 정말 딱 어울리는 표현 ㅎㅎ 먹고 반해짠나 파블로바를 눈으로 다 먹었으면 주신 나이프로 열심히 자르면 된다 자를때마다 나가떨어지는 과일들 ㅜㅜ 넘 아쉽구? 안쪽에는 크림이 들어있다 파블로바를 딱 두 번 먹어봐서 비교대상이 많진 않았지만, 여기는 내 기준 크림이 좀 더 많았으면 하는 ㅎ ㅎ ㅎ 그래도 맛있다구.. 배고파 어케 마무리를 해야할지 모르겠다^^ 너무 갑자기 끝내는 느낌이지만 연남동 그 어딘가 예쁘고 맛있는 카페를 찾는다면 추천. 아주 만족하고 갈거시당 다른 메뉴도 먹어보러 재방문 의사 무족건 있음 키키키 고럼 바이룽"
파블로바 디저트 카페 연남동 라프하우스,"정말 좋아하는 친구들과 디저트 먹으러 다른 카페 갔다가 4인 이상 함께 앉을 수 없는 곳이라 찾아간 머랭 케이크 맛집 라프하우스 라프하우스 주소: 서울 마포구 동교로32길 10 2층 라프하우스 영업시간: 매일 12:00-21:00 전화번호: 0507-1389-7353 라프하우스 서울특별시 마포구 동교로32길 10 2층 라프하우스 11시 50분쯤 도착해 기다리고 있으니 일찍 들어오라고 안내해 주셨어요 ㅎㅎ 완전 친절해요! 웨이팅 있는 곳이었어요~ 옆에 의자도 있어 작게나마 기다릴 수 있는 곳이 있답니다 들어가면 제일 먼저 파블로바 포스터가 보여요 구운 머랭 위 생크림, 각종 과일을 올려 먹는 디저트에요~ 기대 만땅~!!~ 1시쯤 지나니 사람들이 오기 시작하고 금방 만석으로 가득했어요~ 궁금했던 딸기바블로바 2단 주문 완료! 저녁에는 하이볼, 칵테일도 먹을 수 있어 디저트에 같이 먹어도 정말 맛있겠다 생각 들었답니다 ㅎ 주문 즉시 만들어 10-15분 시간이 소요돼요! 웨이팅 있을 경우 매장 이용 시간은 2시간이라고 해요! 귀여운 초도 판매해서 생일이나 기념일에 케이크 대신 파블로바 케이크로 축하하면 더 행복하겠어요! 진짜 비주얼 깡패!!! 머랭 쿠키만 먹어봤지! 케이크라니!! 맛도 너무 궁금했어요 산딸기 내려주고 자를 준비 ㅎㅎ 퐁신퐁신!! 진짜 짱이야..... 안에 크림도 장난 아니에요!! 머랭+생크림+과일 조합이 진짜 너무 맛있어요 ㅠㅠㅠ 비주얼만큼 맛도 맛있어....!!!! 연남동은 맛있는 카페가 너무 많아 또 가고 싶어지네요 ㅎㅎ 오랜만에 만난 친구들과 서울 모임 행복 가득~~"
연남동 카페 디저트가 예쁜 라프하우스,"안녕하세요! 돌고래양이 서울에 올라왔던 날 날을 잡고 오랜만에 연남동 카페 나들이를 다녀왔어요~ 이렇게 셋이 만나면 저희는 밥먹고 카페 2곳은 기본으로 들러주는데ㅎㅎ 이날은 제가 오전에 엄마 백신을 맞추고 가야되었어서 1차카페는 참석하지 못하고ㅠㅜㅎㅎ 점심을 먹고 카페타임을 가졌어요 저한테는 1차카페지만 친구들에게는 2차카페였던 라프하우스 연남동을 정말 오랜만에 나왔는데 그 조용하고 힙한 느낌은 여전하지만 예전같지는 않은 느낌이 들더라구요ㅠㅜ 코로나때문인가ㅠㅜ 계단을 통해 2층으로 올라가면 연남동 카페 라프하우스가 나와요 조용해보였던 카페였는데 손님들이 꽤 계셨어요 그래서 자리는 빈공간만 살짝 찍어보기 의자나 테이블들도 동일하지 않고 포스터등도 붙어있어서 굉장히 힙한 느낌이죠??ㅎㅎ 연남동 카페 라프하우스가 세개의 영어합성어로 존중에 의한 공존이라는 뜻이라고하더라구요 연남동 카페 라프하우스 메뉴&가격 음료는 커피부터 티, 논커피, 에이드 등 너무 복잡하지 않은 선에서 다양하게 있었어요 디저트도 있는 연남동 디저트카페에요 저희는 이 메뉴중에 핑크티(레몬진저)와 석류팬지에이드, 밀크티를 주문하고 디저트로는 시나몬말렌카와 무화과 파블로바를 주문해보았어요 카운터 앞에는 물티슈와 냅킨이 있고 라프하우스 스티커가 있네요 꼭 이런스티커보면 다꾸하고싶어서 챙겨가고싶더라 하지만 다꾸안한지 넘 오래되서 참았습니다 이렇게 모으고 버려질거면 차라리 챙기지를 말자....ㅋㅋㅋ 거울 특이하네? 소품들도 힙하네?ㅎㅎ 원래는 창가자리에 자리가 없다가 주문을 마치고 나니까 창가자리에 자리가 나서 자리를 이동했어요~ 창가자리 좋아하는 사람들 :) 저희는 3명이 방문해서 음료3개와 디저트 2개를 아주 적~당하게 주문한거 같아요~?? 잉?ㅎㅎ 근데 원형테이블이 2개로 붙어있는 곳이라 음료와 디저트를 편하게 놓기에는 좀 불편하더라구요 핑크티 (레몬진저) 6,000 이름 그대로 핑크핑크한 핑크티 비주얼은 상큼할거같은데 단맛이 은은하게 나고 레몬맛보다는 생강향이 생각보다 강하게 찌르는 맛이었어요 석류팬지에이드 6,500 석류가 안에 퐁당 들어간 에이드인데 보라색과 탄산수 층이 분리되어 나오는 에이드였고 보라색 시럽이 함께 나와서 음료에 넣어서 잘 섞어먹어야하는 음료였어요~ 음료 아래에는 코코팜처럼 씹히는 알갱이가 들어가있어서 두꺼운 빨대와 함께 나오고 달달구리했던거 같아요! 혹시 모르니 시럽은 조절해서 드셔보세요~ 밀크티 7,000 보톨에 따로 담겨나와 얼음컵에 따라 마시는 밀크티 라프하우스 스티커가 붙어있고요 얼음잔이 커서 딱 한잔이 가득 담기는 양이더라구요 부드럽고 진한 밀크티 말렌카 시나몬 7,000 이름이 생소한 말렌카 시나몬 그래서 어떤 디저트인가 직원분께 여쭤보니 케이크처럼 나오는 거라고 알려주셨어요 그래서 그중에 새로나왔다는 시나몬 말렌카를 주문해보았는데 비주얼 넘나 이쁘지 않나요??? 그냥 봤을때는 크레이프케이크같은 모양이었어요 식감이 쫀득해서 시루떡먹는 느낌이었어요ㅎㅎㅎ 제가 또 떡을 좋아하는 편이라 쫀득하게 시나몬 향과 맛도 나서 맛있게 먹었어여 헤헿 파블로바 무화과 11,000 다음디저트는 파블로바 무화과 이 디저트도 비주얼이 미쳤네요! 저희가 방문했을때는 포도와 무화과중에 선택이 가능해서 무화과로 주문을 했었어요 아니 색감이 너무 이쁘지 않아요??ㅎㅎ 디저트가 나왔는데 먹질못해...사진찍느라ㅋㅋㅋㅋ 무화과 파블로바에는 무화과말고도 블루베리, 자두, 라즈베리 등이 더 올라가져있어서 과일을 다양하게 맛볼수 있어요 머랭케이크 파블로바 나이프로 자르면 바사삭 잘려요 입안에 넣으면 사르륵 녹아요 머랭사이에는 마시멜로우인지 쫀득한 식감에 하얀 내용물이 들어있어요~ 겉은 바사삭 안은 쫀득(겉바속쫀?ㅎㅎ) 머랭쿠키는 먹어봤어도 머랭케이크는 처음이라 신기했어요ㅎㅎ 다양한 디저트를 먹으면서 수다떨다가 평일 퇴근시간전에 헤어지는 신데렐라같은 모임ㅋㅋㅋ 계속 수다를 떨어도 시간이 모자라는 건 왜일까요?ㅋㅋ 다양하고 특이한 디저트가 있는 라프하우스에서 좋은시간 보냈어요! 라프하우스 영업시간 - 일, 월~목 11:00 ~ 21:00 금,토 11:00 ~ 22:00 주소 : 서울 마포구 동교로32길 10 2층 전화 : 0507-1389-7353 라프하우스 서울특별시 마포구 동교로32길 10 2층 라프하우스 식사권을 제공받은 친구와 동행하여 체험후 작성된 후기입니다!"
"[연남동] 라프하우스 : 홍대 분위기 맛집 디저트 카페, 라프커피와 석류펜지에이드","안녕하세요 열허분 차차입니다 ☕️ 오늘 소개해 볼 곳은 라프하우스에요 🏡 홍대에 놀러 갔을 때 숨 좀 돌리러 들린 카페랍니다 😆 열허분은 카페 투어 좋아하시나요 ? 저는 너무 좋아해요 ❤️‍🔥 맛있고 예쁜 카페를 발견하면 기분이가 좋아요 크크 💨💨 그럼 어떤 곳일지 바로 보러 가보시죠 🗒 라프하우스 서울특별시 마포구 동교로32길 10 2층 라프하우스 🕒 12:00-21:00 🗓 연중무휴 🤙🏻 0507-1389-7353 🚻 무선 인터넷, 내부 화장실 🗺 서울 마포구 동교로32길 10 2층 라프하우스는 연남동에 위치한 디저트 카페에요 🙌🏻 전문 조리사가 주문 즉시 플레이팅을 시작하며 최고의 디저트와 음료를 제공한다고 해요 ✨️ 가장 유명한 디저트로는 파블로바 케이크로 알려져 있어요 🎂 오시는 길은 홍대입구역 3번 출구에서 도보 10분 정도 소요돼요 🚆 1층에는 옷 가게가 있고 라프하우스는 그 옆 계단을 통해 올라오시면 바로 위층에 자리 잡고 있답니다 🏢 안으로 들어오니 개성 넘치는 가구와 소품이 배치되어 있어요. 화이트 톤에 컬러풀한 색감이 통통 튀어 매력적으로 다가오더라고요 🌈 은은한 조명도 굿 💡 평일에 방문하니 한적하고 여유로워 편하게 머물다 왔어요 💖 메뉴는 요로코롬 📝 저는 석류펜지에이드(6500원)를 주문했어요. 커피 외로 칵테일과 맥주도 판매하고 있어 신기하기도 했네요 🍸 디저트가 유명해 꼭 먹어보고 싶었는데 배가 너무 불렀지 뭐에오 😭 곧이어 사장님께서 음료를 가져다주셨어요 💨💨 제 친구는 라프커피를 마셨는데 한 입 먹어보니 오렌지 맛이 느껴지는 부드러운 크림이 들어있어요 🍊 상큼 달달하니 커피와 과일의 색다른 조합을 즐겨볼 수 있었어요 ✨️ 석류펜지에이드 마시기 전 시럽을 넣었더니 색감이 한층 더 영롱해졌어요 🌌 시원하고 청량하면서 모구모구 음료수 같은 펄까지 들어있어 달다구리해요 😋 쫄깃쫄깃한 식감도 있어 맛있게 마셨어요 🌺 총평 ‼️ 사장님이 친절하셔서 머무는 내내 즐거웠던 기억이 나요 💭 내부 인테리어도 은은하면서 개성 넘쳐 예뻤고 한적했던 점도 좋았던 ❤️‍🔥 저는 먹어보지 못했지만 방문하신다면 바블로바를 꼭 드셔보시길 추천드려요 👍🏻 어제오늘 날씨가 구름 한 점 없이 푸르러서 기분이 좋아요 ☁️ 근데 일기예보를 확인해 보니 내일은 눈 소식이 있다고 하네요 ! 드디어 눈사람을 만들어 보는 것인가 후후 ❄️ 그럼 저는 또 새로운 글로 찾아뵙도록 할게요 📝 see ya 👋🏻"
연남동 디저트 카페 라프하우스 머랭롤라드와 파블로바,"딸기철이 끝나기 전에 꼭 가야 하는 디저트 맛집 연남동 카페 라프하우스 후기 라프하우스 서울 마포구 동교로32길 10 매일 12:00-21:00 sns에서 보고 꼭 먹어봐야겠다고 생각이 든 파블로바 아직 한 번도 안 먹어본 1인 연남동에도 파블로바 파는 카페가 있다 삼겹살집 맞은편에 있는데 1층은 옷 가게고 2층으로 올라가면 라프하우스가 나온다 헷갈릴 수도 있어서 올라가는 계단을 사진 찍어봤다 올라갔더니 만석이어서 웨이팅을 적으려고 했는데 한 팀 빠져서 바로 들어갔다 만석일 경우 이름, 번호, 인원, 적어 놓으면 연락이 온다 가게가 생각했던 거보단 넓진 않았고 2인 테이블 7개 정도 되는 거 같다 깔끔한 인테리어 곳곳에 포인트가 있어 구경하는 재미가 있다 통창이어서 햇살이 잘 들어온다 창가 쪽에 앉으면 사진이 더 잘 나올 거 같다 화장실도 가게 내부안에 있다 깨끗하고 깔끔했다 주문은 카운터에서 선불로 하면 된다 1인 1음료 주문 주말 공휴일 노트북 사용 금지 외부 음식, 음료 금지 매장이 만석일 경우 이용 시간 2시간 라프하우스 메뉴 라프하우스 메뉴 커피와 에이드, 티, 디저트 칵테일과 맥주까지 다양한 메뉴들을 판매하고 있다 샷 추가는 500원 테이크아웃 할 시에는 천원 할인이 된다 파블로바케이크 주문 제작을 받고 있던데 카운터 한켠에 초도 판매 중이었다 라프하우스는 메뉴를 미리 만들어놓지 않습니다 신선하고 질 좋은 재료로 주문 즉시 플레이팅을 시작합니다 파블로바, 머랭롤라드 등 모든 디저트는 전문 조리사가 조리합니다 파블로바는 주문 즉시 만들어 10분에서 15분 정도 소요된다 손님 수에 따라 조금 더 걸릴 수도 있다 만드는 동안 음료 메뉴가 먼저 나왔다 체리 초코 라떼 6,500원 아이스 아메리카노 5,000원 체리초코는 처음 먹어보는 거였는데 체리 향은 살짝 나고 딸기 우유에 초코 넣은 거 같은 맛이었다 아메리카노는 산미가 없는 고소한 맛이었다 고소한 맛 커피 너무 좋아함 원래는 파블로바 케이크만 먹으려고 했는데 인스타에서 머랭롤라드 직접 만드는 모습을 보고 궁금해서 시켜봤다 파블로바 케이크 1단 11,000원 머랭롤라드 7,000원 파블로바 케이크는 1단으로 할지 2단으로 할지 선택이 가능하다 1단으로 해도 충분히 크다 너무 예뻐서 먹기가 아깝다 시간이 오래 걸리는 이유를 알겠다 머랭롤라드는 머랭으로 만든 롤케이크이다 이것 역시 위에 딸기가 가득 올라가 있어서 비주얼이 좋다 맛은 부드러운 수플레 케이크 먹는 느낌 포크로 한술 뜨니 쫀쫀하며 부들부들하다 파블로바랑은 또 다른식감이었다 파블로바는 머랭을 구워 만든 호주의 디저트이다 겉은 바삭하고 속은 쫀쫀한 느낌! 달달한 맛에 기분까지 좋아진다 보기에도 예쁜데 맛까지 좋아 눈호강 입호강 단거 안 좋아하면 호불호 있을 수도 있겠다 투명 테이블이라 남편 다리가 계속 거슬리네 우리는 대식가라 두 개 시켜서 싹싹 먹고 나왔다 비주얼 끝내주는 파블로바케이크 연남동 가게 된다면 꼭 들러야 할 카페 다음에도 또 가고 싶다 라프하우스 서울특별시 마포구 동교로32길 10 2층 라프하우스"
홈 밖 카페] 연남동 RAFHOUSE 라프하우스 : 아이스아메리카노 (feat 파블로바 머랭),"안녕하세요 오랜만에 인사 올립니다ㅎㅎ 요즘 정신이가 없어서.. 거두절미하고 오늘 일지 주인공 카페는 연남동에 위치한 라프하우스인데요 그냥저냥 계획 없이 들어갔는데 커피 맛이 제 입맛을 저격하더라고요 커피라면 다 좋아하는 거 아니냐고요? ""네 맞아요"" 라프하우스는 2층 먼저 건물 자체가 눈길을 끌었고 안내판 표지판 덕분에 커피 판매하는 곳임을 확인하고 올라갔습니다 계단 올라가면 입구 등장 사장님 친절도 1000% 그리고 애매한 시간에 오니 한적해서 더 좋았어요 cafe bar & menu 메뉴가 다양해서 커피족이 아닌 분들도 부담 없이 즐길 수 있을 것 같아요 (커피, 디저트, 주류 등) 카페 내부 혹시 사장님 결벽증..? 카페가 정말 깔끔하고 테이블 간격도 적당해서 사람 많은 곳 기피하는 분들께 추천드립니다 :) 한 입 마신 아이스 아메리카노 커피는 마시는 순간 보통내기가 아닌데? 라는 생각이 들 정도로 맛있었어요 견과류 느낌의 고소함과 밸런스 좋은 바디감 후미는 다크초콜릿 느낌의 단맛 전체적으로 산미는 거의 없었어요 고소한 원두 좋아하는 분들은 이 매장 한 번쯤 꼭 와서 마셔보세요! 라프하우스 주력 메뉴 : 파블로바 그리고 포장 주문한 파블로바 머랭 케이크 제가 빵돌이가 아니라서 선물용으로 구매했어요 :) 밀가루 X, 수제치즈크림을 사용해 만든대요 그럼 오늘 하루도 모두 특대확행 누리시기를 바라며 이만 물어나 보겠습니다! 총총.. #연남동 #라프하우스 #LAFHOUSE #파블로바머랭 #아이스아메리카노 #카페 #인테리어 #연남동케이크 #홍대 #홍대입구 #라프하우스메뉴판"
홍대 연남동 디저트카페 라프하우스 : 힙하고 분위기있는 감성카페,"위치 : 홍대입구역 3번출구에서 5분거리📍 연트럴파크 사거리 근처에 있어요 진동재두루치기집 옆 골목으로 들어오면 바로 보입니다 :) 서울특별시 마포구 동교로 32길 10 2층 라프하우스 라프하우스 서울특별시 마포구 동교로32길 10 2층 라프하우스 외부 저녁을 먹고 늦은 오후에 갔는데 골목길이 조명들로 예쁘게 꾸며져있더라구요 예쁜 골목길에 감성뿜뿜한 간판까지 들어가기 전부터 기대가득😚 내부 전체적인 내부는 이렇게 생겼어요 엄청 크지도 그렇다고 너무 아담하지도 않은 카페 곳곳마다 너무 예쁘게 꾸며져있는 공간들 흐트러짐없이 깔끔하게 정돈되어있는 느낌이라 뭔가 차분해지고 마음이 편안해지는 기분이었어요👼🏻 소품하나하나 세심하게 신경쓰신 게 보여요 힙하고 예쁜게 완전 인스타 갬성,,📸 메뉴 다른 카페에 없는 색다른 디저트들이 많이 보여서 좋았어요❗️ 파블로바케이크랑 말렌카케이크가 유명하다고 하더라구요☑️ 흔하지 않고 이 카페만의 특징이 있는 것 같아요 대표님이 쉐프출신이셔서 모든 디저트를 수제로 만든다고 하셨어요🤭 그래서 플레이팅이 그렇게 화려했구나 싶어요,,👍🏻 가격대가 조금 있는것같았지만 일단 느낌이 좋으니 믿고 시켜보기❕ 저는 코코넛라떼(6.0), 석류펜지에이드(6.5) 머랭롤라드-초코(7.0)로 주문했어요 :) MY PICK 보기 좋은게 먹기도 좋다고,, 음료도 디저트도 먹기아까울 정도로 너무 예쁘게 나왔어요☃️ 색감이 너무 예뻐서 먹기 전에 사진 왕창 찍었네요 머랭롤라드는 처음 먹어보는 디저트라서 궁금했는데 일단 첫 입 딱 먹는 순간 너무 부드러워서 깜짝 놀랐어요 롤 안에 딸기, 바나나, 초코가 들어있는데 요것들이 너무 잘 어우러져있고 롤이 너무 부드러워서 입 안에서 살살 녹아요 진짜 폭신폭신도 아니고 약간 몰랑몰랑한 느낌❗️ 몰랑몰랑하지만 안에 진한 초코맛이 나서 밀도가 높은 느낌이랄까 사르르 녹지만 그렇다고 너무 가벼운 느낌만은 아니어서 너무 좋았어요✨ 이걸 어떻게 표현해야할까,, 그냥 ,, 한번 드셔보시면 압니다 그냥 존맛탱이다..👍🏻 아 그리고 제일 놀랐던건 이 맛있는 디저트에 밀가루가 안 들어갔다는 거🤭 이렇게 맛있으려면 밀가루가 왕창 들어갔을 것 같은데 어떻게 밀가루가 안 들어갔을 수가 ㅠㅠ 완전 건강한 디저트잖아요🥺💗 안 먹을 이유가 ❌ 저녁을 먹고 와서 저는 가볍게 에이드로 주문했어요 석류펜지에이드가 다른 카페에서 볼 수 없는 메뉴인 것 같아서 시켜봤는데 일단 색감이 너무 예쁘더라구요🌺 달달한 석류시럽이랑 투명한 젤리가 맨 밑에 깔려있고 위에 따로 나오는 수제펜지를 부어서 먹는 방식❗️ 펜지 시럽향이 상큼하고 좋아요 ㅠㅠ 부을 때 같이 섞이는 게 너무 예쁜💛 평💡 처참하게 먹힌 음식들😱 다이어트해야되는데 ,, 다 제 뱃속으로 들어있어요 근데 에이드도 가볍게 맛있었고 디저트도 밀가루가 안 들어갔다해서 죄책감이 안 드네요 ㅎㅎㅎ😋 편하고 여유로운 분위기에 아는 동생이랑 도란도란 얘기하면서 좋은시간 잘 보내고 왔어요 연남동 주변 예쁜 카페 찾으시면 라프하우스 추천드려요! 위쪽에도 작은 거울하나있고 아래에도 하나있네요🙃 허리꺾어서 찍으라고 거울이 낮게 있나 요기서 찍는 사람 많길래 따라찍기 허리꺾어찍는 감성도 특이하고 좋아요ㅎㅎ 많고 많은 카페 중에 좋은 카페 잘 골라들어온 것 같아서 아주 만족👍🏻👍🏻🤍 저희는 안 먹었지만 옆테이블에 나온 딸기파블로바가 진짜 너무 예쁘고 맛있게 생겨서,, 다음에 오면 그거 먹어볼 예정이에요 허허 아무튼 오늘도 카페투어 성공입니다!❤️ 이 포스팅이 21년 마지막 포스팅이 되겠네요! 모두들 한해동안 모두 고생많으셨어요 새해 복 많이받으시고 22년도 행복하세요🥰 감사합니다 #연남동케이크 #연남동디저트카페 #연남동데이트하기좋은카페 #연남동분위기있는카페 #홍대인스타감성카페 #홍대감성카페 #연남동감성카페 #파블로바케이크 #석류펜지에이드 #코코넛라떼 #연남동라프하우스 #홍대라프하우스 #연남동데이트코스"
[연남동 카페] 연남동 디저트 맛집 ‘라프하우스’ 파블로바 케이크 후기,"오랜만에 디저트를 먹고 싶어 네이버 검색하다 비주얼에 혹해서 찾아간 연남동 카페 ‘라프하우스’ 후기입니다 라프하우스 (Raf House) ✔️ 위치 마포구 동교로 32길 10 2층 ⏰ 영업시간 매일 12:00 ~ 21:00 📞 전화 0507-1389-7353 🪧 제로페이, 네이버페이, 무선인터넷, 내부화장실 외관 라프하우스는 홍대입구역 3번 출구에서 332m 거리로 위치가 가까워서 추운 겨울철에 가기 딱 좋아요 2층에 있기 때문에 지나칠 수 있으니 입간판 보고 찾아가시면 됩니다 계단으로 올라가는 길에 만난 포스터와 조명 감각적이죠?!! 테이블링이 없고 수기로 이름과 번호를 적으면 전화로 순서를 알려주는 방식입니다 카톡으로 연락오면 종종 놓치는 경우가 있어 저는 요런 아날로그 좋아해요 웨이팅해야하나 싶었는데 다행히 창가자리가 남아있어서 바로 입장했습니다 후훗 문 앞에 있는 우산꽂이와 소화기 색감 쨍하고 이뿌♥︎ 내부 & 인테리어 손님이 빠질때마다 찍은 소중한 사진 특이하게 테이블마다 의자가 다 달라요 공간은 넓지 않지만 아늑 + 은은하고 한쪽이 통창이라 답답한 느낌은 안들어요 조명도 평범하지 않고 모양, 조도 다 특색있어요 바닥과 벽 곳곳에 콘센트가 있어서 마음이 편안- 아 진짜 완전 취저ㅠㅠ 액자도 갬성 가득입니다 소품도 똑같은 게 하나도 없어서 자칫하면 난잡할 수도 있는데 오히려 통일감 있어요 사장님께서 인테리어에 진심이신듯해요♥︎ 귀염뽀짝한 초도 있어요 디저트 포장하시는 분들이 많이 사 가셨습니다 화장실은 남여공용으로 내부에 있고 깨끗해요 메뉴 커피뿐만 아니라 하이볼과 맥주도 있는데 요즘 감기가 걸릴 것 같아서 술은 패스했어요 다음엔 꼭 알코올을 마시노라 다짐하며 메뉴 나오길 기다렸습니다 아메리카노 디카페인 5,500원 수르닐(후르츠 그린티) 6,500원 딸기파블로바 1단 11,000원 앉아서 기다리면 자리로 직접 가져다주십니다 요런 소소한 서비스 좋아요!! 스티커도 같이 주시는데 이런거 모으는 스타일이라 바로 챙겼죠 히히 500원 추가하면 모든 커피메뉴는 디카페인으로 변경 가능해요 (+ 샷 추가도) 원래 맛이 밍밍한 곳들 많잖아요?? 라프 하우스는 진하고 약간의 산미가 있긴한데 고소함이 더 강해서 맛있어요 수르닐(후르츠 그린티)는 딤섬처럼 생긴 티백에 나오는데 예상하시는 그 맛으로 평범하지만 향이 좋아서 계속 맡았어요ㅋㅋㅋㅋㅋ 음료 먼저 마시고 있으면 잠시 뒤에 메인메뉴가 나옵니다 비주얼 영롱 그 잡채!!! 플레이팅이 이렇게 정성스럽다니 눈으로도 먹는다는 말이 와닿는 곳이에요 파블로바 케이크 머랭을 베이스로 하는 호주, 뉴질랜드의 국민 디저트 러시아의 전설적인 무용수 안나 파블로바가 세계 여행을 하는 도중 주방장이 만들어준 음식에서 유래가 시작되었대요 비주얼은 수플레 팬케이크 느낌! 위에는 마스카포네 크림이 얹어져 있고 부드러워요 >-< 흩뿌려져있는 딸기 쿠키 조각들까지 다 먹었습니다 제철과일로 딸기, 파인애플, 블루베리, 복분자 외에 속에는 샤인머스캣이 추가로 들어있어요 겉은 바삭하고 속은 쫀득해요 약간 떡과 젤리의 중간?!? 처음엔 달까봐 걱정했는데 생각보다 괜찮았어요 먹을수록 더 매력있는 맛!! 사실 머랭 좋아하는 편 아닌데도 맛있게 잘 먹었어요 그런데 금액대도 있는 편이고 2단까지는 못먹겠당.. 가끔 먹거나 선물용이나 크리스마스 케이크로 분위기 내기 좋아요 라프하우스 서울특별시 마포구 동교로32길 10 2층 라프하우스"
"연남동, 파블로바 추천 평일 할인 행사 진행 중 (라프하우스)","라프하우스 서울특별시 마포구 동교로32길 10 2층 라프하우스 안녕하세요! 카페리안입니다. 지난 주에 더워졌다가 이번 주에는 쌀쌀한 꽃샘추위가 찾아왔네요. 모두들 환절기 건강 유의하시길 바라요 :) 오늘은 연남동에 위치한 라프하우스를 소개해드리겠습니다! 연남동 카페로 추천해드려요:) 연남동 라프하우스에서 저희 카페리안과 제휴하여 23.03.09~03.19까지 파블로바 평일 할인 행사가 진행 중이에요. 여러분 '파블로바'라고 들어보셨나요? (파블로바는 밑에서 설명해드릴게요) 파블로바 세트 할인 행사가 진행 중인데요~ 1번 Love and joy 세트 메뉴는 파블로바 1단 12,000원 + 음료 자유 선택 ~7,000 2잔 구성으로 정가 최대 26,000원에서 이벤트가 19,900원 으로 할인되는 세트 메뉴입니다! 해당 세트 메뉴같은 경우에는 '이색 디저트인 파블로바를 먹어보고 싶다.' '카페에 가면 시그니처 메뉴를 꼭 먹어보는 편이다.' 하시는 분들에게 추천드리는 세트 메뉴입니다 :) 2번 Harmony 세트 메뉴는 파블로바 1단 12,000원 + 아메리카노 5,000원 2잔 구성으로 정가 22,000원에서 이벤트가 17,900원 으로 할인되는 세트 메뉴입니다! 해당 세트 메뉴같은 경우에는 '이색 디저트인 파블로바를 먹어보고 싶다.' '디저트는 아메리카노랑 즐기는 게 옳다' 하시는 분들에게 추천드리는 세트 메뉴입니다 :) 파블로바를 드셔보시지 않은 분들도 부담없는 가격으로 시도해보시기 좋아요 (파블로바 비싼 곳이 아주 많답니다 ㅎㅎ) 3번 Happiness 세트 메뉴는 말렌카케이크 7,000원 + 아메리카노 5,000원 2잔 구성으로 정가 17,000원에서 이벤트가 13,900원 으로 할인되는 세트 메뉴입니다. (말렌카케이크는 밑에 설명해드릴게요) 해당 세트 메뉴같은 경우에는 '말렌카케이크를 먹어보고 싶다' '부담 없는 가격으로 케익과 디저트를 즐기고 싶다' '점심시간에 후식과 아메리카노는 필수다' 하시는 분들에게 추천드리는 세트 메뉴입니다😀 해당 행사는 카페리안 인스타 (@_caferian)에서 참여하실 수 있어요 참여 링크 첨부해드릴게요 https://www.instagram.com/p/CpkQhV-SPbk/ 파블로바가 무엇인가요❓ 파블로바는 머랭을 구워 만들고 생크림과 각종 과일을 올려 달콤하고 상큼하게 즐기는 겉은 바삭하고 속은 쫀득한 케이크 입니다 이색 디저트로 연남동 카페 추천해드려요 말렌카 케이크가 무엇인가요❓ 말렌카의 꿀 케이크는 체코 여행을 가면 반드시 맛봐야한다는 디저트로도 잘 알려져 있는데요. 꿀 케이크라는 이름에 걸맞게 꾸덕꾸덕하면서도 쫀듯한 식감을 자랑해요. 벌꿀이 함유되어 있어 단맛이 은은하게 배어 있답니다. 다음으로는, 연남동 카페 라프하우스의 시그니처 음료 소개해드릴게요 첫 번째로 라프커피가 있는데요 라프 커피는 오렌지 비엔나로 베이스를 라떼로 할 지 아메리카노로 할 지 고를 수가 있어서 좋더라구요 라떼는 고소하고 아메리카노는 깔끔한 맛으로 즐길 수가 있어요 크림이 가득 올라간 커피로 오렌지 칩이 꽂혀 있어 보는 재미도 느낄 수 있죠 크림에서 오렌지 맛을 느낄 수 있어 아주 맛있어요! 두 번째로 아몬드크림라떼가 있는데요 아몬드크림이 너무 고소하고 맛있어서 크림만 잔뜩 사놓고 싶을 정도의 맛이에요 부드럽고 고소하고 적당히 달달해서 특별한 커피를 찾으시는 분들에게 연남동 카페로 추천해드려요 평일 할인 행사는 위에서 말씀드렸듯이 카페리안 인스타그램 (@_caferian)에서 참여하실 수 있어요 링크는 위에서 확인부탁드립니다 라프하우스 실내 보여드릴게요 다음으로는 라프하우스 메뉴판 보여드릴게요 메뉴판에서 현재 파블로바가 천원씩 올랐답니다 라프하우스 정보 알려드릴게요 라프하우스 영업 시간은 매일 12:00~ 21:00까지 운영 중이구요 제로페이, 네이버페이 사용이 가능해서 편리해요 라프하우스는 파블로바를 주문 제작하고 있는데 2호 2단 사이즈로 제작하고 있고 3일 전에 원하는 과일을 골라 예약해 주면 됩니다 주차는 불가하구요 홍대 3번 출구에서 331m 떨어져 있어 도보로 5분이면 도착할 수 있습니다 주소는 서울 마포구 동교로 32길 10이고 지번으로 연남동 260-56입니다 라프하우스는 파블로바는 미리 만들어 놓는 메뉴가 아니라 주문 즉시 플레이팅을 시작한다고 해요 파블로바, 머랭롤라드 등의 모든 디저트는 전문 조리사가 조리하고 파블로바 케이크는 주문 후 메뉴 완성까지 10분에서 15분 정도 소요돼요 주의 사항도 알려드릴게요 -1인 1음료 -주말, 공휴일은 노트북 사용이 불가능합니다 -외부 음식 및 음료는 취식이 불가능합니다 -만석일 경우 기다리는 웨이팅 고객을 위해 2시간 이상 매장 이용이 불가능합니다 위치는 아래 지도로 첨부해드릴게요 라프하우스 서울특별시 마포구 동교로32길 10 2층 라프하우스 연남동 카페로 라프하우스 추천해드립니다:)"
"[맛집, 카페] 오랜만에 연남동 나들이 | 태국수, 라프하우스","오랜만에 보는 친구들과 다녀온 #연남동 ! 식당과 카페 모두 맘에 드는 곳들이었습니닷ㅎㅎ 태국수 여행온 기분으로 즐기는 타이 누들 ! 원래 충무로에 있다가 이쪽으로 옮겨왔다고 하는 연남동 쌀국수 맛집 #태국수 태국수 서울특별시 마포구 연희로 29 대로변에 있어서 저 같은 길치도 찾기 쉽답니다,,,,하하 굽이치는 국수 같은 간판 테이블이 아주 많지는 않지만 공간 자체는 넓직해서 좋았어요 ! 우측 사진에 보이는 바 테이블이 있고, 2-3인이 앉을 수 있는 테이블이 왼편에 3개 정도 있습니다 마찬가지로 사진에 보이는 키오스크에서 직접 주문하면 됩니다 ! 다만 키오스크 높이가 성인 기준이라서, 휠체어 이용자분들이나 신장이 작으신 분들은 다소 불편하실 것 같아요. 주문하고 나오는 영수증 번호가 보일 수 있도록 홀더에 올려놔주시면 됩니당. 다음에는 꼭 수끼 먹어보고싶어요.. 수끼가 품절이라서 못먹고 저희는 다 태국수를 시켰는데요 ! 저는 고수헤이러라서 ㅋㅋㅋㅋㅋ 고수 없는 버전(좌측) / 있는 버전(우측) 입니다. 고수는 무료로 추가할 수 있고, 면추가도 무료로 가능한게 좋은거 같아요 !! 이날 배가 그렇게 고프지않아서 사이즈업 못했는데 컨디션 좋을 때 가면(?) 무조건 해서 먹을거 같아요 ㅋㅋㅋㅋㅋ 물리지 않는 맛이라.. 일단 국물 자체가 술술 들어가고, 저는 맵고 칼칼한걸 정말 좋아해서 중간에 크러쉬드페퍼를 잔뜩 넣었더니 진짜..... 맛있었어요 입술이 화닥화닥함 ^0^ 특이한게 토핑이 그냥 고기 & 숙주가 아니라, 피쉬볼 자른거 같은 어묵과 다진 고기, 새우만두, 겉을 살짝 튀긴 수육 같은 다양한 재료로 올라가 있어요. 뭔가 단백질 보충이 잘 되는 기분..ㅋㅋㅋㅋㅋㅋㅋㅋㅋㅋㅋㅋㅋㅋㅋ 새우만두는 사이드로 시킬 수 있는거랑 똑같아서, 만약 태국수를 드신다면 사이드는 다른거 시켜보시는걸 추천드릴게요! 요거는 친구들이 먹은 새우파이 영국 음식 같다. 친구 曰 ㅋㅋㅋㅋㅋㅋㅋㅋㅋㅋㅋㅋㅋㅋㅋㅋㅋㅋㅋㅋㅋㅋㅋ 듣자마자 그거 욕이야 뭐야...? 라고 했는데 다른 친구가 먹어보더니 동의하면서 ""하지만.. 정말 영국 음식 같아"" 라고 하더라구요 뭔가.... 상상하지 못한 재료가 상상해보지 않은 방식으로 조리되었는데 그 조리법이 상상가는 간단한 음식, 정도로 이해하면 되려나 했습니다.. 암튼 저걸 욕으로 말한건 아니고 그냥 맛있는데 정말 영국 음식 같다.는 사실을 서술했다고 하네요 요렇게 연남동 태국수에서 쌀국수 호로록 하고~ 디저트로 2차를 하러 카페를 찾아나섰어요 자리가 없거나 재료소진으로 일찍 닫았거나,, 한 곳들이 되게 많았는데요 연남동 하도 오랜만에 와서 이렇게 핫플인지 까먹고 있었네요 하진 않았고 친구가 열심히 서치해서 들어간 #라프하우스 ! 라프하우스 음료와 디저트 모두 맛있는 깔끔한 연남동 카페 라프하우스 서울특별시 마포구 동교로32길 10 2층 라프하우스 2층에 있고 계단이 조금 가팔라요. 오른쪽 사진이 좀 많이 어둡게 나오기는 했는데, 전반적으로 공간이 넓고 도란도란 이야기하는 분위기에 >앉아있기 불편하지 않습니다< 그리고 내부에 화장실이 있어서 아주 깔끔해요! 다닥다닥 붙어서 불편한 의자에 앉아서 불편하게 음료 마셔야 하는.. ""오픈 인테리어"" 카페 안좋아하는데요, 그렇지도 않고 분위기도 좋아서 넘 맘에 들었던 연남동 카페 라프하우스 첨에 못깨달았는데 친구가 말해줘서 알았던.. 아이맥메뉴판 ㅋㅋㅋㅋㅋㅋㅋㅋㅋㅋㅋㅋㅋㅋㅋㅋㅋㅋ 저는 디저트는 꼭 안먹어도 되지만 음료는 웬만하면 시그니쳐를 시키는 사람이므로... #오렌지비엔나 라는 라프커피를 시켜보았어요 말렌카 !!! 먹고싶었지만,,, 참았습니다 저희가 갔을 때는 일요일 밤이라 그런지 웨이팅이 없기는 했는데, 문 바깥에 웨이팅 리스트가 있더라구요 순서대로 라프커피 - 체리초코라떼 - 어떤...티. 그리고 나폴레옹 ~ 나폴레옹은 첨 먹어봤는데, 친구가 시킨거 한입 얻어먹어보고 넘 행복해졌다네요,,,,, 라프커피는 비엔나 커피인데, 맨위에 올라간 크림에서 묘하게 오렌지맛이 느껴져서 상큼고소달달한 맛이에요. 저는 원래도 아인슈패너/비엔나커피처럼 유제품 들어간 커피를 곧잘 마셔서 취향에 딱맞았답니다. 차를 시킨 친구는 남들 술값만큼 차값이 나간다는 차덕후 친구인데.. 맛있게 잘 마시더라구용 암튼 앉아서 수다도 열심히 떨고~ 즐거운 하루였슴다>,< 연남동 나들이 코스로 태국수 - 라프하우스 추천드려요 ~"
[라프하우스] 인스타감성 연남동/홍대 이쁜 디저트 카페,"울님들 디저트 좋아하시나요!? 저야 뭐 매번 밥먹고나면 꼭 디저트가 땡기는 디저트덕후에요 :) 오늘도 하이에나처럼 홍대/연남동을 돌아다니며 이런저런 달달구리들을 서칭했는데 완전 처음 접해보는 이름과 남다른 비주얼의 디저트를 발견했지뭐에요!? 당장 소개해드릴게요❤️ 팔로팔로미 [라프하우스] (매일 12:00 ~ 21:00) 위치 정보 라프하우스 서울특별시 마포구 동교로32길 10 2층 라프하우스 홍대입구역 3번출구에서 경의선 숲길을 따라 걷다가 골목으로 들어오면 있어요 :) 좌측에 계단을 이용해서 2층으로 올라오시면 되는데 올라가는 길부터 기대감 뿜뿜하게 만드는 포스터❤️ 내부도 깔끔하면서 아기자기한 느낌이 동시에 느껴졌어요 창가쪽에도 좌석이 있었고 전체적으로 통유리라 개방감있고 좋았어요 :) 매뉴판 아이스 파블로바 16,000 아이스 아메리카노 5,000 석류펜지에이드 6,500 새로 나온 디저트인 아이스 파블로 주문! 디저트 선택에 도움되게끔 사진으로 된 설명도 있어서 좋았어요 아기자기한 초들도 있었는데 파블로바를 도시락케익처럼 활용해서 많이들 포장해가셔서 있는 것 같더라구요 참고로 위의 사진이 포도파블로바에요:) 진짜 비주얼 도라방스죠👍 계절과일이 올라가기 때문에 이전까진 딸기파블로바였다가 이번에 포도로 바꼈다고해요 진짜 이뿌다 아이스 파블로바 포도올라간 것도 이쁘지만 아이스 파블로바도 너무 이쁘지 않나요❤️ 진짜 보기만해도 기분좋음ㅎㅎ 완전 인스타감성 제대로다잉🥰 바닐라 아이스크림과 구글아이스크림, 머랭, 제철과일, 로투스와 그래놀라로 되어있는데 정말 완전 예술작품 그잡채👏 패션후르츠 유기농 올리브오일을 뿌려줘서 같이 먹는건데, 너무 이쁘게 잘나오길래 인스타 감성으로 찍어서 첨부해봤어요😉 프사감이다!! 비주얼 업그레이드한 파블로바💟 어쩜 이리 색감도 이쁜거람//.// 노란 패션후르츠에 검은씨가 이렇게 이뻐보이다니..! 정말 먹기 아까웠지만 처음 먹어보는 디저트인만큼 맛이 넘 궁금하잖아요!? 맛있게 먹는 방법도 한번 읽어주고 바로 반갈라버리기🔥 겉은 바삭바삭한데 안에는 부드러워서 훅~하고 잘 잘려요! 머랭계의 겉바속촉 엄청 도톰한 머랭속에도 구슬아이스크림이랑 포도가 들었어요 입에서 사악~녹으며 바스라지는 머랭과 달달 시원한 바닐라 아이스크림, 새콤달달한 패션후르츠 소스, 바삭바삭 고소하고 달달한 로투스&그래놀라를 한입에 넣고 같이 먹으면 그냥 막 입에서 파티가 열려요ㅎㅎㅎ 완전 처음 느껴보는 느낌💟💟 나 왜 이걸 이제야 먹니...?! 심지어 머랭부터 데코까지 전부 직접하신다는데!!!!! 정말 대박대박👏👏 달달하면서도 부드러워서 쌉싸름한 아메리카노랑도 궁합이 넘나 좋았어요 :) 석류펜지에이드 사진마다 등장한 음료! 궁금하셨을 것 같아서 따로 짤로 준비했어요 :) 펜지시럽을 넣고 저어서 먹는건데 색감이 빨갛고 보라보라해서 아름다운데다가, 상큼 달달하니 맛도 최고였어요🥰❤️ 하트 백개 파블로바라는것도 오늘 처음으로 알게됐지만 엄청 팬될 것 같아요! 홍대/연남에서 약속 있으면 친구데리고 다시 올 것 같은 연남동 카페👍 그만큼 완전 취저 탕탕! 이었답니당🥰 이글은 리뷰노트를 통해 해당업체로부터 서비스 또는 제품을 제공받아 작성되었습니다. 울님들은 머랭 좋아하시나요!? 원래도 머랭을 좋아하긴 했지만 이렇게 바삭하면서 두꺼운데 그 속은 부드러운 머랭은 처음 먹어봤어요! 달달구리 좋아하시는 울님들은 [라프하우스] 출동해보셔도 너무 좋을 것 같아요😊❤️ 나도 또 출동!"
연남동 디저트 맛집 힙한 카페 라프하우스,"오랜만에 연남동 방문:) 진짜 집 바로 옆이라 자주 가는데 요즘 인스타 핫한 카페로 유명한 곳이 있어서 친구랑 제 생일 기념 방문했어요😜 연트럴파크 사거리에 있는 라프하우스! 인스타 힙한 감성카페로 예쁜 사진이 많아 궁금하더라고요! 홍대입구3번출구에서도 걸어서 금방이라 넘 좋았어요(요즘 추워서 멀리 못감)🤣 라프하우스는 디저트 맛집으로 유명한데 가기전부터 뭘 주문할까 굉장히 고민되더라고요! 제가 방문한 연남동 디저트 카페는 11시에 오픈해서 22시 마감이니 영업시간 확인하고 방문해보세요☺️📝 역시 인스타 갬성 연남동 디저트 카페로 유명한 탓인지 이렇게 웨이팅 의자와 리스트가 있었습니다! 저희는 아슬아슬하게 세이프~~~! 연남동 라프하우스 내부는 이렇게 힙하고 감성적인 느낌이에요. 원래 연남동 디저트 맛집 가면 자리 눈치싸움 하기 바쁜데 어딜 앉아도 예쁜 사진 건지기에 적합👍😘 이렇게 구석구석 사진촬영이 가능한 소품들과 거울들이 있어서 연남동데이트 가셔서 사진찍기에도 좋을것 같은거 있죠? 반짝반짝 넘 예쁜 디저트 맛집 라프하우스 연남동 갬성에서 한층 더 업그레이드된 느낌이랄까요? 이렇게 편안한 쇼파좌석도 있어서 커플들끼리 가서 꽁냥꽁냥 연남동데이트하기에도 좋을 것 같았습니다😉 연남 2층에 위치한데다가 통유리창으로 뷰도 어마어마해서 아마 이 자리와 유리창 옆자리가 가장 인기있는 좌석이 아닐까 싶어요. 그냥 아이폰으로 막 찍어도 인⭐️ 업로드용으로 손색없는 연남동 디저트 카페 라프하우스! 평일 낮 시간임에도 불구하고 사람들이 꽉 차있는걸 보니 진짜 요즘 핫플 인정..! 요즘에는 어딜가나 맛있고 예뻐서 이렇게 갬성 한 방울도 추가되어야 한다니까요? 진짜 느낌있죠? 도회적인 느낌인데 따뜻함이 섞여 오묘한 인테리어였어요. 여기에다가 카페 bgm이 진짜 장난없어서 ‘와 여기 사장님 감각 이건 찐이다’라고 생각했습니다:) 집앞이라 진짜 혼자서 노트북 들고와서 편히 쉬어도 될듯한 분위기와 인테리어 연남동 카페 라프하우스! 라프하우스 사장님이 쉐프 출신이라서 디저트를 수제로 만드신다고 해요. 특히 가장 유명한 파블로바..! 이거 진짜 예쁘고 세심하게 만드시는게 티나더라고요~!😋 저희도 시그니쳐인 파블로바를 먹을까했지만 한번도 접해보지 못한 디저트인 머랭롤라드 딸기를 주문했습니다:) 이밖에도 연남동 디저트 맛집답게 다쿠와즈와 말렌카까지..! 제가 디저트 덕후라 파블로바,말렌카,다크와즈는 먹어봤는데 못먹어본 디저트가 있었단 말이죠? 그것이 바로 요 머랭롤라드! 이게 뭘까 하고 주문해봤는데 오잉? 바게트빵에 생크림인가? 하고 첨에 당황했어요! 연남동 디저트 카페 라프하우스 디저트를 한입 딱 맛보는 순간 아,, 우와 ,, 라는 감정이 순식간에 스쳐지나갔습니다. 이게 다 머랭이고 겉에는 머랭을 살짝익힌 모습이였어요. 안에는 초콜릿 크림도 들어있어 완전 입안에서 사르르 녹아요 녹아 ㅠㅠㅠㅠ 와 이것이 연남동 디저트 카페의 위엄.. 딸기랑 너무너무 잘어울리더라고요. 시그니쳐 음료 두개도 함께 주문했는데 라프커피(오렌지비엔나)와 석류펜지에이드입니다. 에이드는 첨에 평범해보였으나 펜지 시럽을 따로 주셔서 따라서 섞어 먹는거였어요. 이렇게 라프하우스 펜지 시럽을 부으면 석류에이드가 석류펜지에이드로 변신! 오묘한 보랏빛이 돌면서 달달 상큼하더라고요. 아래 빨간건 시럽인줄 알았는데 석류 젤리여서 먹는데 식감으로 재미까지 더해졌어요🤹‍♀️💗 라프커피는 비엔나커피에 오렌지크림을 올린커피였는데요. 제가 친구껄 살짝 맛봤는데 진짜 크림에서 오렌지 맛이나서 둘다 신기해서 오 .. 이거 어떻게 만들었지? 하며 궁금했어요ㅋㅋㅋ 근데 정말 맛있는 비엔나 커피에 고급스런 오렌지향이 첨가된 느낌이랄까요? 정말 디저트 전문 쉐프님이 만든 연남동 디저트 카페라 뭔가 더 믿음직한 느낌이에요ㅎㅎ 라프하우스 디저트 한상🍓🍰☕️🍷 눈도 입도 즐거워요 진쫘,, 친구가 생일선물로 꽃을 커스터마이징해줬는데 진짜 같이 두니까 이런 감성도 따로 없네요. 딸기디저트 + 꽃의 환상의조합 좋아하는거 옆에 좋아하는거에요 이래서 연남동 디저트 카페는 가도가도 질리지 않는것 같아요 ❤️ 쪼르르,, 제가 주문한 석류펜지에이드 제조법 한번 확인하고 가시죠. 직접 만드는(?)재미까지 쏠쏠해요. 이런거 또 스토리 올려줘야 제맛 아니겠어요? 연남동 파블로바 맛집으로 유명하지만 에이드와 커피류, 다른 디저트들도 명성에 맞게 과하지 않고 고급스런 맛에다가 인테리어 감성까지 더해져 오랜만에 간 연남동에 또 한번 반하고 왔답니다! 말렌카는 좋아하는 프렌차이즈 카페에서 자주 먹는 케이크인데 다음번엔 라프하우스에서 도전해봐야겠어요! 고급지고 세상 달달한 디저트와 음료가 있는곳 연남동 디저트 맛집을 찾는다면 rafhouse로 오셔서 플레이팅과 맛 두마리 토끼를 잡아보세요🐰🐰 요렇게 예쁜 인스타용 사진은 덤이랍니다:) 덕분에 달달하고 따뜻하게 생일을 보냈네요 다들 굿밤되세요🌙 라프하우스 서울특별시 마포구 동교로32길 10 2층 라프하우스"
여기 파블로바 먹으면 다른 데 못 가요ㅣ연남동카페 라프하우스,"안녕하세요! 뤂이입니다. 오늘은 내돈내산으로 2번 갔던 연남동카페 라프하우스에 다녀왔어요. 좋은 기회로 이렇게 리뷰하게 되어 전라도 영광~ 2층에 위치해있어서 눈에 잘 띄지는 않는데 밑에 입간판 찾은 다음 계단으로 올라가시면 돼요! 인테리어도 감성카페 그잡채👍🏻 언제 와도 너무 깔끔하고 감각적이어서 예쁜 것 같아요! 아이맥으로 셀카도 찍을 수 있는 !!! 완전 굿 아이디어 Coffee 라프커피 6.5 아몬드크림라떼 7.0 아메리카노 5.0 카페라떼 5.5 바닐라라떼 6.0 코코넛라떼 6.0 아포가토 7.0 Ade 석류펜지에이드 6.5 청귤에이드 6.5 한라봉에이드 6.5 Dessert 포도파블로바 1단/2단 12.0/19.0 아이스파블로바 16.0 머랭롤라드 7.0 말렌카케이크 7.0 나폴레옹 페스츄리 5.5 Tea 닐루즈 6.5 에로스 6.5 엥프레셔니스트 6.5 밀크티 7.0 Cocktail 드라이 하이볼 8.0 얼그레이 하이볼 8.0 오미자 하이볼 8.0 말리부 파인애플/밀크 8.0 데킬라 샷 4.5 Non-coffee 초코라떼 6.0 체리초코라떼 6.5 디저트 사진이 다 나와있어서 여쭤볼 필요 X! 전문 요리사가 만들어주신다고 하니 너무 기대되었답니다. 저는 이미 먹어본 맛이기 때문에 오바 난리 부르스를 떨었어요. 파블로바란? 머랭을 베이스로 하는 호주, 뉴질랜드의 디저트로, 러시아의 전설적인 무용수 안나 파블로바에서 그 이름을 따왔다. 주방장이 세계여행을 하던 안나 파블로바를 위해 만든 디저트라고 한다. 구운 머랭 위에 생크림과 각종 과일을 올려 달콤하고 상큼하게 즐긴다. 호주에서는 국민 디저트 취급을 받고 있는 듯하다. 출처: 나무위키 오븐에서 구워지고 있는 파블로바 영롱하죠 ㅠㅠㅠ 어쩜 저렇게 맛있게 생겼을까... 아이맥 포토존에서 거울 셀카도 찍어보고 놀았어요. 직원분께서 직접 가져다주셨답니다! 너무너무 예쁘죠ㅠㅠㅠ 아까워서 어떻게 먹어요? 겉이 바삭하고 속은 폭신폭신한 식감의 파블로바! 다른 곳에서 먹어본 파블로바는 정말 푸석하고 맛없었는데 라프하우스 껀 마스카포네 치즈가 들어가서 그런지 너무 부드럽고 맛있어요. 동물성 100% 생크림을 쓴다니 역시는 역시... 소스는 뭔가 싶었는데 유기농 올리브오일과 패션후르츠, 연유로 만드셨다고...❤️ 패션후르츠 너무 좋아하는데 상콤하고 시지 않아 좋았답니다! 피자 모양처럼 칼로 잘라주었더니 바삭! 소리와 함께 속이 보였답니다. 아니 이거 몬데요 ㅠㅠ 너무 알록달록 예쁘고 구슬아이스크림같았어요. 포크로 잘라보니 바삭한 느낌이 확 왔답니다! 그리고 제가 극찬했던 아몬드크림라떼 ㅠㅠ 이건 그냥 비교가 안돼요 제가 먹어봤던 크림라떼 중 1등이고 변함이 없어요 제공받아서 빈 말 하는 게 아님 밑에 내돈내산 후기를 참고해주시라!!!! 아몬드의 너티스러움+크림의 달콤함 근데 너무 달지는 않은!!! 우유와 커피가 섞여서 목구멍으로 들어오는 게 너무 맛나서 눈물 또르륵... 아메리카노는 살짝 산미가 있는 편입니다! 아무튼 여기 잘해... 디저트도 잘하고 라프커피도 넘 잘해... https://blog.naver.com/zhujuan25/223089665772 내 마음 속 크림라떼 국힙원탑을 찾았어요 머랭에 진심인 라프하우스에서 안녕하세요! 뤂이입니다 (내가 돈주고 같이 먹음) 오늘은 연남동에 위치한 호주식 디저트로 유명한 곳 리뷰... blog.naver.com 내돈내산 후기는 여기에서 보실 수 있어요 >,,< 일반 파블로바와 오렌지비엔나 후기도 있답니다! 라프하우스 서울특별시 마포구 동교로32길 10 2층 라프하우스 #연남동카페 #연남카페 #연남동파블로바 #파블로바맛집 #파블로바 #파블로바카페 #연남데이트 #연남동데이트 #연남감성카페 #라프하우스 #라프하우스파블로바 #호주식디저트 #라프하우스아몬드크림라떼 #라프하우스라프커피 #디저트맛집 #연남동디저트 #연남동감성카페 #말렌카케이크 #머랭롤라드 #홍대입구디저트 #서이추환영 #서이추 #연남동또간집 #크림라떼맛집 #크림라떼 #아몬드크림라떼 #오렌지비앙카 *본 리뷰는 리뷰노트를 통하여 본 업체에서 제품 또는 서비스를 제공받아 작성된 글입니다."
"""라프하우스"" 연남동 카페 사장님이 맛있고 커피가 친절해요","""라프하우스"" 연남동 카페 사장님이 맛있는 홍대 카페 작년 겨울에 오픈시간 잘못맞춰서 못 가봤던 연남동 라프하우스 이번에 사장님이 맛있다는 소문 듣고 다시 찾아갔당 ٩(๑❛ᴗ❛๑)۶ 라프하우스 연남동 카페 📍 서울 마포구 동교로32길 10 2층 라프하우스 ✔️ 매일 12:00 - 21:00 연남동 카페 라프하우스 연남동에 예쁜 카페 찾는다면 라프하우스로 인테리어가 너무 고급지고 힙하죠 ? ㅋ 여기 사장님이 그렇게 맛있다는데 문제의 사장님 만나러 카운터행 카운터에 떡하니 서있으시는 사장님 (참고로 바지사장 즉 알바생입니다.) 아무래도 저분이 라프하우스의 대표메뉴이신듯 메뉴판을 보니 알바생이라는 문구는 어디에도 있지 않길래 맛있는 알바생은 그냥 포기하고 아이스 아메리카노와 (덕률이의 인생 동반자) 석류펜지에이드 그리고 말렌카케이크 시켰어요 참고로 말렌카케이크⭐️⭐️⭐️⭐️⭐️ 라프하우스 메뉴는 주문 즉시 만들어지고 문구에서 사장님의 자부심이 느껴졌어요 3샷은 탄 거 같은 아이스아메리카노와 석류펜지에이드 그리고 말렌카케이크 에이드는 따로 시럽을 주셔서 이렇게 넣어먹어야 합니다 *급발진 주의 맛은 안 먹어봐서 모르겠다만 그냥 상큼 달달한 에이드 맛이겠쥬 그리고 이 미친놈 연남동 라프하우스가면 꼭 이거 시키세요 안에 저 흰색이 약간 떡 같은 느낌인데 쫀득 하고 개맛있음 말렌카케이크 라는 메뉴를 라프하우스에서 처음 보규 먹어본 거 같은데 몇년간 먹었던 케이크 중에서 이게 제일 맛있었어요 아니 여기 사장님 맛집이 아니라 케이크 맛집이네 ;; 카페는 분위기가 조용하고 인테리어도 차분해서 카공이나 데이트 하기 좋을 거 같았음 카공은 주말엔 안 된다고 하더라구염 사람이 많아서 ㅜㅜ 연남동 디저트 카페 좋은 곳 많지만 라프하우스 정말 추천합니다 다른 디저트도 궁금해질만큼이나 저 말렌카케이크가 존맛탱이었음 ㄷ ㄷ 아아는 산미 없는 아아맛이라 무난해용 아 참고로 알바생이 덕률이 친구랍니당 🫶🏻 ㅋㅋㅋ 덕률이 친구 브베짱을 구경가고싶다면 평일 오후 6시 넘어 방문해보세욥! 그리고 블친님들 요즘 답방 너무 못가서 죄송합니다ㅜㅜ n잡러라 현생이 바쁘고 글 하나 올리기도 벅차네용! 그래도 짬내서 답방 가도록 하겠읍니다 항상 먼저 답방 와주시는 분들 정말 감사하고 복받으세옹❤️ 라프하우스 서울특별시 마포구 동교로32길 10 2층 라프하우스"
연남동 카페추천 / 파블로바 / 라프하우스,"잇님들 다들 즐거운 대체 공휴일 보내셨나요 ? 저는 오늘 하루가 너무 길어요 .. 어제 새벽에 한숨도 못자고 ㅠ ㅠ 아침에 한 두시간 자고 하루종일 움직였더니 너무너무 피곤하네용 흑흑 그래도 오늘 언니랑 엄마랑 #연남동카페도 다녀오고, 카페 주변에 옷가게가 정말 많더라구요 그래서 옷도 좀 사고 ㅎ ㅎ 인생네컷도 찍고 집에 왔어요 >< 오늘 다녀온 파블로바가 맛있는 #연남카페 ! 연남 라프하우스 https://www.instagram.com/rafhouse_seoul 라프하우스(@rafhouse_seoul) • Instagram 사진 및 동영상 팔로워 919명, 팔로잉 3명, 게시물 123개 - 라프하우스(@rafhouse_seoul)님의 Instagram 사진 및 동영상 보기 www.instagram.com 라프하우스 서울특별시 마포구 동교로32길 10 2층 라프하우스 주소 : 서울 마포구 동교로 32길 10 2층 라프하우스 영업시간 : 매일 12:00-21:00 전화번호 : 0507-1389-7353 2층으로 올라가시면 힙하고 깔끔한 인테리어를 한 매장이 나옵니다 오늘 날씨가 정말 좋았잖아요 오후 3시 정도에 방문했는데 , 밖은 정말 더운데 카페 안에서 보는 뷰는 너무 좋더라구요 ㅋㅋㅋㅋ 대체휴일이라 그런지 연남에도 사람이 정말 많았어요 출처 네이버 메뉴판 참고하세요 ! 제가도 찍어왔는데 빛때문에 살짝 번져서 네이버에서 가져왔어요 저희는 세명이 방문해서 아이스 아메리카노 0.5 석류펜지에이드 0.65 아이스 밀크티 0.7 말렌카케이크(초코) 0.7 아이스파블로바 16.0 주문했어요 RAFHOUSE 매장 이용시 참고 해주세요 ~ 먼저 주문한 음료가 나왔습니다. 왼쪽부터 아메리카노 가운데 밀크티 오른쪽이 석류팬지에이드에요 색감이 너무 예쁘죠 !? 석류팬지에이드는 시럽을 뿌려서 먹으면 된다고 직원분이 설명해주셨어요 팬지가 보라색 꽃인데 시럽이 보라색이더라구요. 이래서 이름이 석류팬지 인가 봐요 ㅋㅋ 아래 달달한 젤리 ? 가 들어있어서 식감도 좋고 시 ~ 원 한 맛 곧이어 등장한 오늘의 메인 ! 아이스파블로바와 말렌카케이크 초코에요 이 파블로바는 5/22일 새로 나온 신메뉴라구요 !!!! 이렇게 같이 맛있게 먹는 방법이 적힌 종이도 주세요 ㅎㅎ 따로따로 드시지 마시고 칼을 이용해 피자 모양처럼 자르신 후 과일과 생크림, 머랭시트를 함께 드시면 가장 맛있게 파블로바를 즐기실 수 있습니다 라프하우스 요 디저트에도 위에 시럽을 샤샥 뿌려주면 됩니다 이 시럽은 패션후르츠와 올리브오일이 베이스에요 ㅎㅎ 여름 디저트답게 아주 새콤달콤하고 시원한 맛 !! 너무 예쁘죠 ?! 안에를 열면 이렇게 구슬 아이스크림도 들어있어요 졸귀 .. 위에 적힌 설명대로 생크림이랑 머랭시트 아이스크림을 다함께 먹으니 너무 조화롭고 맛있더라구용 겉은 바삭하고 속은 쫀쫀한 맛 .. ♥ 다음은 말렌카케이크 초코맛이에요 달콤하고 꾸덕한 맛이었어요 다른 가게에서 말렌카 케이크 먹었을 때, 너무 달아서 다 못먹은 적 있었는데 라프하우스는 적당히 달콤하고, 빵이 촉촉해서 맛있게 먹을 수 있었어요 ㅎ ㅎ 그리고 이 접시 너무 예쁘지 않나요 ..? 핑크핑크한 접시 .. 갖고싶다 ... 오늘도 .. 푸파.. 성공적 여름에 정말 잘 어울리는 디저트 ! 달달이 러버에게 넘 행복하고 좋은 시간이었어요 ~ #연남동카페 핫플답게 매장 곳곳 포토스팟도 많았구 데이트 하러 오기 딱인 분위기 >< 맛있게 잘 먹었습니다 다들 낼 출근 홧팅 해봐요 ♥"
"연남동데이트로 좋은 이색디저트카페, 라프하우스","안녕하세요 연남동데이트로 좋은 카페 라프하우스에 다녀왔습니다. 라프하우스 서울특별시 마포구 동교로32길 10 2층 라프하우스 홍대입구역 3번출구에서 5분거리! 연트럴파크 사거리 근처에 있는 라프하우스는 특별한 디저트를 맛 볼 수 있어 데이트하기 좋은 연남동 카페더라구요~ 1층은 여러 옷들이 걸려있는걸로 봐서는 옷가게인것 같았고 2층에 위치해있는 라프하우스는 커피, 티, 에이드, 디저트를 파는 카페예요. 이름과 로고에 특별한 의미가 숨겨져 있을것 같아 궁금하더라구요 카운터에 나와있던 RAF의 의미는 바로, respect 존경 + admire 존중 + faith 신뢰 이더라구요. 그리고 로고가 존중에 의한 공존을 이야기 하고 싶었던것 같아요. 세개의 같은 크기의 네모가 모두 같은 위치에서 공존하는 느낌? 그래서 저는 이걸 딱 보고 든 생각이 사장님이 혹시 동업하셔서 서로에 대한 존경과 존중, 신뢰를 바탕으로 경영하자는 마인드로 갖게 된 이름인가 싶었답니다. 인스타 감성의 힙한 실내 인테리어와 뷰가 멋있는 카페랍니다 ㅎㅎㅎ 라프하우스가 2층에 있는데 통유리창으로 되어있는데다 저녁이라서 다른 가게들의 조명 덕분에 더 뷰가 예뻤던것 같아요 라프하우스 메뉴판 다른 카페들과 다르게 정말 특이하고 다양한 디저트가 많더라구요. 라프커피, 아몬드크림라떼, 석류펜지에이드, 딸기파블로바, 머랭롤라드까지 이름부터 특이하고 궁금한것들 투성이었어요 ㅎㅎㅎ 말렌카케이크는 전에 다른 카페에서 러시아 말렌카 꿀케이크로 먹어본 적이 있었거든요 !! 꿀이 뿌려져 있어 달달함이 느껴지는데 라프하우스에서는 위에 크림데코와 코코아가루를 뿌려주나봐요. 폭신한 다쿠와즈는 고소한 흑임자와 단짠의 대명사 황치즈가 있나봐요. 주로 머랭으로 하는 디저트에 자신이 있으신가봅니다 ㅎㅎㅎ 아몬드크림라떼예요. 라프라떼와 고민하다가 주문했답니다. 둘다 아이스만 가능 !! 라프라떼는 일반 라떼와 달리 오렌지 크림이 올라가있다고 하는데 아마 오렌지비앙코 보다 은은한 오렌지의 맛이지 않을까 싶었어요. 오렌지비앙코는 오렌지청과 샷, 크림을 얹는거니까요 ㅎㅎㅎ 평소에 커피를 잘 안마셔서 혹시 샷을 적게 넣어주실수 있는지 여쭤봤더니 원래 2샷이 들어가니 1샷만 넣어주겠다고 하셨어요 물어보길 잘했네요 ㅎㅎㅎ 이 부드러운 크림이 입안에서 사르르 없어져요 살짝 아몬드가 씹힐때도 있고 은근히 고소한 아몬드크림이 예술이더라구요. 석류펜지에이드예요. 아래 석류청과 젤리가 가라앉아있고 수제로 만든 펜지 시럽을 부어먹을수 있게 따로 주신답니다. 펜지 시럽이 뭔지 몰랐는데 팬지라는 꽃인가봐요 ㅎㅎㅎ 신기하고 너무 오묘한 색이라 펜지 시럽을 부을때면 넘 황홀했어요. 분위기도 어둡고 차분한곳이라 마법이 일어날것만 같은 느낌?? 아래까지 잘 섞어마시면, 석류에이드에 펜지 향이 느껴지는 맛이랍니다. 라프하우스에서만 즐길수 있는 음료들에 행복했어요. 음료가 우선 존맛인걸루 ㅎㅎㅎ 머랭롤라드 초코예요. 아담한 사이즈의 빵인데 초코칩이 콕콕 박혀있고 위에 크림과 딸기를 얹어주셨어요. 흔하지 않은 수제 디저트라 어떤걸 먹어봐야할지 고민했는데 넘 예쁘네요. 쉐프출신 대표님이라서 그런지 플레이팅이 화려할뿐 아니라 디저트가 전부 수제라는점 !!! ㅎㅎ 머랭을 쳐서 만든 부드러운 빵 속에는 초코크림과 바나나가 들어가 있더라구요. 특이한 맛이었어요 ~ 비주얼이 너무 예쁘다보니 맛이 그만큼 못따라가는느낌이 살짝...? ㅎㅎ 라프하우스가 서울파블로바성지라고 불릴만큼 유명하대서 파블로바케이크도 궁금했는데, 배가 불러 머랭롤라드로 대신했답니다! 파블로바케이크는 겉은 머랭처럼 살짝 바삭하고 안쪽은 촉촉한 케이크인데 마스카포네크림과 딸기가 듬뿍 들어갔다고 하더라구요ㅎㅎㅎ 위 아래 사진을 비교해보면 시럽을 넣기전과 넣은후의 석류펜지에이드 색이 확연하게 차이가 나네요 ㅎㅎㅎ 넣지 않고도 마셔볼걸 ~~~그럼 확연한 차이를 느꼈을텐데요! 분위기있는 특별하면서 특이한 이색디저트를 맛보고 싶으신분은 연남동카페 라프하우스는 어떠신가요? #연남동카페추천 #연남동디저트맛집 #연남동데이트 #연남동커피 #라프하우스 #이색디저트 #머랭롤라드 #석류펜지에이드 #아몬드크림라떼 업체로부터 서비스를 받고 작성한 솔직한 후기입니다 :)"
연남동-파블로바케이크가 맛있는 라프하우스 RAF HOUSE,"강아지 옷 만들기 수업이 끝나고 나홀로 카페를 가고 싶은 날이었다 이젠 프랜차이즈 카페는 웬만해선 안가게 되고 개인카페를 검색해서 찾아가는 편이다 #연남동개인카페 #연남동갬성카페 커피와 디저트가 맛있어보이는 곳을 한참 써치해서 찾아가곤 하는데 오늘은 내가 처음 들어본 디저트를 먹으러 가보기로함 이름도 생소하다 파블로바? #파블로바 #파블로바케이크 이름도 생소하고 비쥬얼도 예뻐서 #라프하우스 #RAFHOUSE 를 가기로함 라프하우스 서울특별시 마포구 동교로32길 10 2층 라프하우스 수업이 끝나고 오후 3시 30분이 조금 넘은 시간이라 딱 간식먹기 좋은 시간! ㅎㅎㅎㅎ 학원가는 날이면 10시30분쯤 밥을 먹고 나오느라 목도 마르고 배도 조금 출출해지는 시간이쥐 Yeeeeeeeeee~~~!!! 가자가자 얼른카페가자! 여기 아니에유!!! 나 길치아닌데 맘이 급해서 옆골목으로 갔다가 다시 빼애애애앵~ 돌아서 찾아옴 ㅎㅎㅎ 쩌어기 보인다!! 잘 찾아왔꾼여! 연남동은 이렇게 골목골목마다 예쁜 카페가 있눼? 연남동 자주 안와본 사람 티내기 계속 여기저기 구경하면서 카페를 찾아갔다 골목만 잘 찾아들어오면 카페 찾기는 어렵지 않았다 2층에 있는 카페 뚜벅뚜벅 올라오니 아늑한 분위기의 카페 입성!!! 2인석 6개 3인석 1개 4인석 1개 정도 마련되어 있고 다 똑같은 테이블과 의자가 세팅된 것이 아니라서 사장님의 인테리어 센스를 느낄 수 있었다 여러가지 테이블과 의자의 배치가 모던하니 좋았다 내 자리는 요기! 의자 짱 편함!! 에이드를 마실까 아몬드크림라떼를 마실까 하다가 사장님께 시그니쳐메뉴를 여쭤보았다 이 곳의 시그니쳐 메뉴는 #라프라떼 (오렌지라떼) (6,500원) + 디저트는 # 파블로바 (11,000원) 라고 하셔서 나는 고민없이 라프라떼와 파블로바를 주문했다 제일 맛있는 메뉴 = 사장님이 시그니쳐라고 하시는 메뉴 = 라프라떼 라프라떼란? 라떼위에 뿌려진 라프하우스 특유의 시그니처 마크가 인상적이며, 일반 라떼와는 전혀 다른 오렌지크림이 위에 덮혀져 있음 이곳은 직접 주문한 것을 가져다 주신다 쨔잔 #라프라떼 나왔습니다 우선 커피를 먼저 가져다 주셨는데 너무 앙증맞네 ㅎㅎㅎㅎ 향을 맡아보니 오렌지 향이 스~윽 하고 맡아졌다 마치 제주도에서 먹는 감귤타르트를 먹는 느낌!!! 딱 그느낌이었다! 크림도 엄청 퐁신퐁신하니 맛있고~ 커피와 크림이 함께 잘 어우러져서 들어와서 좋았다 아인슈페너 같은거 마실 때 입에 따로 들어와서 짱날때많은뎈ㅋㅋㅋㅋㅋ 여기는 같이 술술 잘 들어왔다 . . #파블로바 는 만드는게 시간이 조금 소요됐다 10분정도? 와...이건 박수 쳐줘야 하는 비쥬얼이야 요리보고 저리봐도 넘맛있어보여 진짜 #비쥬얼짱 #비쥬얼좋은디저트 #디저트맛집 먹기좋은 떡이 맛도 좋다던데 우선 눈으로 한번 반해버렸다 미쵸따 넘예쁜데 혼자있어서 박수 치고 환호를 못함... 이모티콘들아 대신 박수쳐주렴...또르륵ㅋㅋㅋㅋㅋㅋㅋ 예쁘고 맛있는 건 여러 각도에서 많이 찍어줘야하그등요 찰칵찰칵! 대표님께서 쉐프출신이셔서 모든 디저크가 수제이며 플레이팅이 화려하다 파블로바 케이크란? 밀가루함량이 전혀없는 머랭케이크에 마스카포네 치즈와 제철과일이 듬뿍 들어간 케이크. 겉은 머랭 특유의 과하지 않은 달달함에 살짝 바삭한 식감이 일품이다. 생크림 위에 여러가지 과일들이 올라가는데 모두 냉동아니고 생과일이 올라간다 그리고 딸기를 어쩜.. 이렇게 편을 잘 썰어놓으셨는지 넘예뽀다ㅠㅠㅠㅠㅠㅠ 데코도 너무 잘 되어있고 미쵸따ㅠㅠㅠ 금손이시다 커피랑 파블로바랑 나란히 찰칵! #연남동카페추천 #연남동디저트맛집 #연남동디저트 . . 나이프로 반을 갈라서 안에 구경하깈ㅋㅋㅋ 그릭요거트 복숭아가 생각나는 비쥬얼! 안에도 바나나와 라즈베리, 블루베리 등이 웅크리고 있댜 와 한동안 감탄을 금치못하고 한 입 왕! 오잉? 난 겉에가 퐁신퐁신 빵인줄 알았는데? 식감이 그 곡물과자 크리스피롤과 맛이 비슷했다 근데 훠~~~~월씬 부드러워서 입에 넣으면 솜사탕처럼 녹는맛이었다 대박.... 이런 맛은 처음 느껴보는 맛이었다 이름도 생소했는데 맛도 생소해! 근데? 엄청 맛있어!!!!!와!!! 진짜 신기하다 신기해! 하면서 반을 다먹음ㅋㅋㅋㅋㅋㅋㅋㅋ 정신차리고 반남은거는 좀 아껴먹었닼 파블로바가 이런 맛이었구나! 새로운 메뉴에 눈을 떴다! 상큼한 과일들과 라프라떼(오렌지라떼)와 함께 마시니 싱그러움이 배가 되고 해비한 느낌이 아니라 소프트함이라 좋았다 카페 분위기도 좋고 디저트가 맛있어서 친구들과 또 와도 좋을 것 같다 중심번화가 쪽에는 사람들이 너무 붐벼서 가기 꺼려지는데 #라프하우스 는 조용하고 모던한 분위기 카페라서 좋았다 #연남동분위기좋은카페 #연남동데이트 #디저트맛집 #연남동카페 #연남동디저트 #서울파블로바케이크 #연남동디저트맛집 #연남동커피 크리스마스 분위기 곳곳에 크리스마스 분위기 이 자리도 뭔가 맘에 들더군 위엄있는 계단을 내려오며 안농"
[홍대/연남/마포] 연남동 디저트 맛집 신상 카페 추천 라프하우스,"안녕하세요. 오늘 포스팅할곳은 연남동 디저트와 인테리어가 힙한 라프하우스 카페 입니다. 라프하우스 서울특별시 마포구 동교로32길 10 2층 라프하우스 [영업시간/휴무일] 매일 12:00-21:00 📍 서울특별시 마포구 동교로 32길 10 2층 라프하우스 📞 0507-1389-7353 ✔ 제로페이 / 네이버페이 / 무선인터넷 / 포장 / 주문제작 / 내부화장실 ➰ wifi id : KT_GIGA_rafhouse / wifi password : rafhouse123 🔗 insta https://www.instagram.com/rafhouse_seoul 라프하우스(@rafhouse_seoul) • Instagram 사진 및 동영상 팔로워 964명, 팔로잉 3명, 게시물 123개 - 라프하우스(@rafhouse_seoul)님의 Instagram 사진 및 동영상 보기 www.instagram.com 오랜만에 만난 대학교 칭구랑 연남동에 방문했어요 ! 홍대에서 만나서 연남동까지 온거라 막 이른시간은 아니었습니다. 연남동 작은 골목 들어서고나서부터 괜히 신나잖아요. 햇빛 쫙쫙들어오고, 아기자기한 가게들도 많고..! 경의선 숲길도 바로 옆이라 저는 연남동 진짜 좋아해요. 라프하우스 입구 바로 맞은편에 장미가 예쁘게 피어있길래 담아봤습니다. 2층인데 낮은 2층이라서 계단도 무리 없이 올라갔어요. 네이버 주소 찍으시고 건물 왼쪽 외부 계단 이용하시면 됩니다. 주말 / 공휴일은 노트북 사용은 얼엽다고 하니 참고해주세요 ! 만석일경우 2시간 웨이팅 : - ) 디저트를 미리 조리해두지 않고, 주문 즉시 만들어내주신다고합니다. 오늘의집에서 볼법한 인테리어 이지만 하나하나 소품을 뜯어보면, 전혀 흔하지 않고 독특하고 조합을 잘 해두셨더라구요.. 이제 이사 가기로 확정한 이시점에서 인테리어를 더 눈여겨 보게 되드라구요. 자칫 심심할 수 있는 흰색 공간을, 각기 다른 디자인의 의자로 포인트를 주셨더라구요. 이런 감각은 대체 어디서 얻는건지 궁금해요..👀 2층이지만 통창으로 이루어져 있고, 나름 단체석도 마련되어 있었어요. 창가 쪽에도 2-3개의 테이블이 준비되어 있었습니다. 주문하면 저 안쪽에서 직접 파블로파를 바로 만들어 주시는데 , 엄청 기대했어요 ! -메뉴판📝 하이볼도 판매하시던데, 아무래도 영업시간이 늦은 시간까지 하시다 보니 술도 판매하시는더 같더라구요! 내사랑 스텔라 맥주도 있었습니다. 주문제작 케이크도 하시다 보니, 다양한 초도 있어요! 저는 소중한 사람 생일에 주문제작 케이크를 꼭 하는 편인데 여기 주문제작 케이크도 넘 귀엽더라구요. 저희는 딱 공간에 중심인 테이블에 앉았어요. 바로앞에 큰 거울이 있고 통창이라 개방감이 아주 좋습니다. 다시보는 최저 공간, 이런식의 인테리어 꼭 해볼거에요. 수납장도 커서 넉넉해보이더라구요. 바로 옆에는 작은 포토존 처럼 해두셨는데, 의도치 않게 친구가 담겨있어요! ㅋㅋㅋㅋ 연남동이 저희집에서도 한시간반은 걸리지만, 친구네집에서는 두시간 넘게 걸리거든요 아침부터 고생해서 온 윰,,💜 [주문내역] 아메리카노 5,000 석류펜지에이드 6,500 아이스파블로바 디저트에 진심이셔서 그런지 디저트는 주문과 동시에 조리하신데요! 그래서 음료가 먼저 나왔습니다. 석류 펜지 에이드 6,500 보라색 시럽이 같이 나와서 쪼르륵 넣어먹었어요. 비주얼도 너무 이쁘고 탄산이 톡톡 안에 살짝 젤리같은게 들어가서 더 맛있었어요. 아메리카노 신건 못먹는데, 적당히 구수하고 진해서 괜찮았어요. 아이스파블로바!!! 너무 귀여운 비주얼 아닌가요. 파블로바는 머랭으로 만든 디저트인데요, 예전에 파블로바 케이크를 먹어본적이 있어서 많이 낯설지는 않았지만 그래도 보기드문 디저트에여! 같이 나오는 시럽을 위에 부어줬어요. 패션후르츠 시럽인지 상큼하고 씨가 톡톡 터져요. 거대한 머랭 덩어리를 자르면 되고 파삭파삭하게 잘 잘려요 아래는 쿠키와 견과류 튀밥? 들이 톡톡씹혀서 고소하고 식감이 좋아요. 우당탕탕 뿌셔먹었어요. 달달해서 아아랑 진짜 잘어울려요. 편식한건 아니지만 가운데 아이스크림이랑 상큼하고 톡톡거리는 구슬 아이스크림이 많아서 골라먹었어요.. 남은 머랭은 아아랑 먹어줬답니당 🤤 귀여운 거울을 지나칠 수 없어서, 슬-쩍 담아봤습니다. 연남동은 가면 갈수록 귀여운 카페들과, 인테리어 취향 저격된 카페들이 많은거 같아서 좋아요. 꼭 시간 여유를 가지고 카페 즐기신 다음에 경의선 숲길도 느껴보세요 ! 🌳 오늘도 포스팅 읽어주셔서 감사합니다."
[연남동] 라프하우스 : 홍대 디저트 카페 RAFHOUSE,"홍대 연남동 카페 라프하우스 안녕하쎄여어 마엉니어유우 🙋‍♀️ 인별에 뜨는 디저트 카페 줍줍하다가 파블로바 비주얼 보고 가봐야겠다 싶은 곳이 있었는데요오 알고 보니 벌써 홍대에서 디저트로 유명한 라프하우스 !!! 포스팅해보아요욤 라프하우스 서울특별시 마포구 동교로32길 10 2층 라프하우스 2022년 응원해 주시는 문구도 있구요옴 카페는 2층에 있오욤 친절하게 안내해 주시는 계단 따라 올라가다 보면 우오오 왠즈이 느낌을 뛰어넘어 시공간으로 넘어갈 거 같은 강렬한 포스터가 맞이해주는데요오 저 라프하우스 글씨 없었으면 미대입시학원인 줄 알고 발길 돌아설 뻔 했어염 😮 ㅋㅋㅋㅋㅋㅋ 미리 본 디저트 봐서는 아기자기한 부뉘기일 줄 알았눈데 살짝 시크 모던한 부뉘기도 있지만 힙하디 힙한 부뉘기 너낌도 있답니다아 디저트 카페답게 사진으로도 메뉴 볼 수 있었눈데요오 이런 센수우 조아합니다 단쥐 뽐뿌가 여러 번 와서 힘들 뿐 궁금함은 해결되니까여 ㅋㅋㅋㅋ 디저트 주문하고 나면 즉석에서 만드시는 가봐요옴 더 맛있게 만들기 위한 이런 기다림은 전혀 지루하지 않아요 암요 암유 (●ˇ∀ˇ●) 그치만 나님 똥타이밍에 와버려서는 들어왔을 때 만석 🥺 ㅇ ㅏ ... 했눈데 다들 이제 막 디저트 드시는 거 같아서 깔끔히 다음을 기약하면서 자그마한 디저트 하나 손에 쥐어들고 떠나욤 담에 파블로바 먹으러 오게뜸 !! 디저트 포장지마저 깔끔하면서도 왠즈이 힙한 느낌 나는 디저트는 파쿠아즈 4.0 이름이 생소하디만 다쿠아즈 재질이라고 생각하시면 되어욤 요 근래 어랜만인데 은근 다쿠아즈 먹을 일이 생기네욤 😮 부드러운 식감 안에 스트로베리잼과 콤포즈 필링이 있는데요오 지난번 미라보양과자점에서 먹어본 다쿠아즈 재질보다는 좀 더 폭신한 식감의 지분이 좀 더 있었어요 그렇다고 이 부분이 텁텁 퍽퍽한 맛 아니고 오히려 부들부들하게 음미하면서 먹었더니 파블로바도 왠지 더 기대되는 맛 !!! 계속 계속 생각나기 전에 가즈아 한 번 더 ( •̀ ω •́ )✧ 다쿠아즈는 요기도 괜츄네 💗 https://blog.naver.com/stella_eight/222684021135 [연남동] 미라보양과자점 : 밤딸기 다쿠아즈, 연남동 디저트 카페, 데이트 코스, 유럽감성 카페 안녕하쎄여어 마언뉘이 입니당🙋♀️ 오늘두 잇님의 픽으로 눈여겨보고 있다가 방문해 본 미라보양과자점... blog.naver.com"
"[연남동, 카페] 라프하우스","친구들과 저녁을 신나게 먹고 이제 좀 앉아서 식후 커피 좀 마실 카페가 필요해서 둘러보고 있는데... 자주 가던 카페들은 왜 그리도 사람들이 줄을 서 있는건지!? 아이고, 불금이였구만~! 일층에 위치하고 있는 카페들은 이미 포화상태라 2층 이상으로 위치하고 있는 카페들을 공략해보기로 결정했고 두리번 두리번 거리다가 발견한 곳 ! 인테리어 깔끔하고 모던하다. 메뉴는 디저트 위주로 있다. 먼저 음료를 골라 보았고 청귤에이드와 ... 뭐였지 초코라떼였나... 그리고 여기 말랜카를 팔더라. 말렌카 못 먹어본지 백만년이라 주문해봤다. 두근 두근 ! 다들 블로그에 사진 올리겠다고 열심히 찰칵 찰칵 찍었다. 열심히 수다를 떨다보니 말레카 순삭됨... 아직 우리의 수다 시간은 한참 남았기에 디저트 추가로 주문하기로 함. 메뉴를 보니 파블로바를 팔더라. 파블로파를 이름만 들어봤지 먹어본 적은 없어서 다들 도전 한 번 해보기로함. 생긴건 너무 예쁘다. 엄청 공들여서 만든 디저트 느낌. 검정 접시에 슈가 파우더까지 뿌려서 더 고급스러운 느낌도 들도 색상 대비감도 좋다. 머랭을 구웠다는 설명이 쓰여져 있었지만 그래도 뭔가 폭신하게 생겨서 그럴 것 같았는데, 전혀. 포크로 찍는 순간 전혀 no no no 나의 설명력이 참 부족하게 느껴지지만 약간 공갈빵 같은 느낌이라 해야되나. 좀 심하게 말하면 달고나에 크림 과일 올려 먹는 기분 ?? 아무래도 나는 폭신 폭신 케이크가 좀 더 취향인가봐... 파블로바는 아쉽게도 나의 개인적 취향은 아닌걸로 그래도 파블로바가 꽤나 도톰한 편이라 썰어먹는 재미는 좋았다. 라프하우스 서울특별시 마포구 동교로32길 10 2층 라프하우스 #연남동카페 #말렌카 #파블로바 #라프하우스"
[연남동카페] 라프하우스,"안녕하세요. 망고입니다😁 오늘 소개해 드릴 곳은 연남에 위치한 카페에요! 라프하우스 [raf house] 연남동 갔다가 보이길래 들러보았어요. 가실분들 참고되셨으면 합니다~ 라프하우스 정보 운영시간 : 매일 12시 ~ 21시 문의전화 : 0507-1389-7353 매장위치 : 서울 마포구 동교로32길 10 2층 라프하우스 라프하우스 서울특별시 마포구 동교로32길 10 2층 라프하우스 정보 : 제로페이, 네이버페이, 무선 인터넷 라프하우스 내/외부 라프하우스는 2층으로 되어 있는 카페입니다. 사람이 다 차서 테이블 사진은 못 찍었는데 10석 이상정도 되어 보였어요. 단체로 가면 책상을 붙여주시기도 합니다. 이렇게 깔끔하게 꾸며져있어 사진찍으면 핫플 온 느낌날 듯 해요. 라프하우스 메뉴 메뉴판은 요기 참고해주시면 됩니다. 커피부터 에이드, 티, 논커피, 하이볼, 비어 등 지금보니 술도 판매하고 있네요~ 저녁에 가면 분위기 좋을 것 같아요. 디저트도 맛있어 보이네요~ 전 음료보다 디저트만 먹고 싶어서 문의했는데 1인 1음료라 음료주문 필수라 하더라고요🥲 그래서 그냥 음료만 주문했어요. 요즘은 1인 1음료가 원칙이 많은 것 같아요. 메뉴판 옆에는 귀여운 초도 있답니다. 생일이라면 팬 케이크에 초 올려서 축하해도 추억될 것 같아요😆 <주문메뉴> 석류펜지에이드 6,500원 초코라떼 6,000원 친구가 주문한 초코라떼. 초코라떼가 작은 마시멜로우 덕분에 밋밋해보이지 않아서 좋더라고요. 요즘 초코라떼에 마시멜로우 잘 안 올라가는데 단맛도 up되고 맛있어 보여요. 제가 주문한 석류펜지에이드는 이렇게 나옵니다. 시그니처 메뉴답게 이뻐요ㅎㅎ 시럽도 같이 나오는데 요건 동영상도 찍었죠! 처음 나올 때 밑에는 젤리가 깔려 있는 거고 시럽이 석류 맛이 나는 것 같아요. 색이 더해져서 더 이뻐졌어요~ 맛은 석류음료 맛으로 무난무난했지만 분위기용으로 이쁘니 마셔보셔도 좋을 것 같아요! 같이 주는 스티커도 있는데 쓸 일 없을 것 같아서 두고왔는데 사진찍을 때 옆에 두면 더 멋져져요ㅋㅋㅋ 이상 라프하우스 리뷰였습니다~ https://m.place.naver.com/restaurant/1099092209/home?entry=pll 라프하우스 : 네이버 방문자리뷰 249 · 블로그리뷰 204 m.place.naver.com"
[연남동카페] 라프하우스:: 예쁘고 맛있는 디저트맛집 감성카페,"파블로바케이크가 맛있는 예쁜 연남동카페 라프하우스 ˗ˋˏ Preview˚₊·♡ 영업시간: 12:00 - 21:00 규모: 좁지않아서 답답하지 않은 내부 분위기: 감각적인 인테리어로 꾸며진 인스타감성 카페 추천메뉴: 파블로바케이크 ⭐️ 화장실: 힙하게 꾸며진 깔끔한 내부화장실 (남녀공용) 예쁘고 특별한 디저트가 있는 연남동 카페. 예쁘기만한게 아니라 정말 맛있었던 파블로바 케이크. 내돈내산 후기 ღ 연남동에서 밥을 먹었으면 당연히 카페를 가줘야쥬 어디 카페를 갈지 안정했기 때문에 대충 검색해서 가까운 카페에 들어갔다 ^-^ 그렇게 가게된 곳이 라프하우스 근데 생각보다 분위기도 디저트도 너무 맛있어서 진짜 대만족이었던 연남동카페다!!!! 라프하우스 서울특별시 마포구 동교로32길 10 2층 라프하우스 라프하우스는 이렇게 2층에 있다 호다닥 계단을 올라가주깅 📍내부 내부는 생각보다 넓었고 곳곳에 갬성적인 소품과 포스터들이 가득가득 했다 ,, ♡ 우리가 앉은 자리는 요 창가자리 이렇게 통유리창이라서 답답하지 않아 좋았다 🔖 라프하우스 메뉴판 아메리카노 (5.0) 카페라떼 (5.5) 바닐라라떼 (6.0) 코코넛라떼 (6.0) 초코라떼 (6.0) 밀크티 (7.0) 청귤에이드 (6.5) 딸기파블로바 1단 (11.0) 딸기파블로바 2단 (16.0) 머랭롤라드(7.0) 말렌카케이크 (7.0) 가격대는 연남동인만큼 좀 있는편 파블로바라는 메뉴는 여기서 처음 봤는데 뭔지 물어보니까 겉에가 머랭인 케이크라고 사장님이 설명해주셨다 머랭 + 딸기메뉴라니 주저없이 바로 시켜벌임 파블로바케이크는 계절마다 올라가는 과일이 다른 것 같다 우리는 겨울시즌에 왔기 때문에 딸기 파블로바 ㅎ ㅎ 파블로바 케이크는 나오는 데에 10분 -15분 소요 그렇게 우리가 주문한건 딸기 파블로바 1단 (11.0) 아이스 아메리카노 (5.0) 수르닐 후르츠 그린티 (6.5) 미친미친 대미친 저 딸기 파블로바 비쥬얼 진짜 머선129;;; 너무 예쁜거 아니냐고 증맬루;;🍓🖤 🍓딸기 파블로바케이크 이거 가격이 왜 만 천원이나 하는건지 왜 시간이 10-15분 걸리는지 보자마자 바로 이해가 됐다 진짜 플레이팅 세상 예쁜 미췬놈;🖤 겉에 있는게 바로 머랭이다 자를 때 파삭파삭 소리도 남 완존 asmr. . 딸기 와르르 무너질까봐 신중하게 조심조심 잘랐다 헤헤 이 파블로바 케이크 진짜 찐맛탱입니다. 사실 연남동 카페 중에는 예쁘기만하고 맛은 없는 디저트들도 여럿 있다 like 꽈페 근데 요고는 겉은 파삭 속에는 쫀득한 느낌 그리고 과일들이 가득가득 들어있어서 정말 맛있게 먹었다 일반적인 케이크 느낌이 아니라서 더 특별한 느낌 🖤 아이스 아메리카노 산미가 거의 없는 고소하고 진한 아메리카노 컵이 커서 양도 꽤 많았다 컵 쪼만한거에 쫌쫌따리 주는 카페 시ㄹㅓ ㅡㅡ 수르닐 (후르츠 그린티) 후르츠 그린티라는 이름대로인 맛이었다 향긋한 과일향이 나는 연한 녹차 맛 티라서 단맛은 없다! 라프하우스는 내부 화장실이다 근데 화장실도 감각적임 ㅋㅋㅋ ㅋ ㅋㅋㅋ 술집만큼 카페도 화장실이 내부냐 외부 중요하다 카페인은.. 이뇨작용을 촉진시켜..! 큼큼 아무튼! 결론 💫 내부가 좁지 않고 분위기도 좋았다 무엇보다 케이크가 비쥬얼도 예쁜데 맛도 짱짱 맛있어서 눈도 입도 즐거웠다 😉 예쁘면서 디저트도 맛있는 연남동 카페 찾는 사람덜에게 완전 추천한다-!"
연남동 라프하우스 : 내돈내산 홍대 연남 파블로바 디저트 카페 맛집 추천,"안녕하세요. 포레스트예요. "" 파블로바 좋아하세요? "" 저 진짜 몇 년 만에 먹어봤는데요. #파블로바 파는 곳이 워낙 별로 없다 보니까 너무 기대하고 갔답니다. #연남동파블로바 #홍대파블로바 연남동 라프 하우스를 포스팅하고자 합니다. 그럼 시작할게요. 연남동 파블로바 맛집 추천 한남 오지힐 이후 처음이야 ! 서울 마포구 동교로 32길 10 2층 라프 하우스 라프 하우스 서울 마포구 동교로 32길 10 2층 라프 하우스 홍대입구역 3번 출구에서 331m 영업시간 12:00-21:00 #파블로바케이크 는 주문 즉시 만드는 거라 10-15분 정도 걸린다고 하는데요. 전문 요리사가 조리한다고 해서 더 기대가 됐답니다 :) 아몬드 크림라떼랑 아아랑 파블로바 1단으로 주문! 초도 너무 귀여운데 기념일에 와서 파블로바에 축하받으면 아주 좋을 것 같아요 ㅎㅎ 자 이제 매장을 보여드릴게요. 매장 자체는 엄청 넓은 매장은 아니고 2층에 위치하고 있는 테이블 5개 정도 되는 작은 매장 압니다. 대기가 있을까 걱정했는데 다행히 없어서 여유롭게 먹을 수 있었어요. 평일 저녁에 방문하시는 걸 추천드립니다. 사실 연남동에 카페 진짜 많아서 거의 다 뒤져봤는데 다른 더 감성적인 카페를 가려고 하다가 파블로바 먹고 싶어가지고,,, 헤헤 카페도 이 정도면 무난하니 괜찮은 것 같아요. 어머머,,,귀엽죠ㅜㅜㅜㅜ 오랜만이야 파블로바! ㅋㅋㅋㅋ저 노란색 누가 보고 단무지냐고 물어보던데... 아니야 단무지... 아몬드 크림라떼 진짜 이름처럼 묵직한 아몬드 크림을 느낄 수 있었던 음료! 커피랑도 조합이 좋았답니다. 파블로바 어머,, 1단 했는데에도 꽤나 크기가 크더라고요. 계절에 맞게 위에 생과일이 올라가는데 이번 시즌은 딸기입니다! 뭔가 머랭이 진짜 파사삭 하면서 잘리더라고요. 안에도 딸기가 들어있고 바삭하고 달달한 머랭이랑 생과일이랑 같이 먹으니까 조합도 좋았답니다. 과일이랑 같이 먹으면 더 맛있게 먹을 수 있어요 ㅎ히히 뭔가 씹을 때 머랭이 안쪽은 쫀쫀한 느낌이 있을 줄 알았는데 파사삭 과자처럼 사라져 버리는 식감이었달까,, 오지힐에서는 안 그런 것 같은데 오지힐 보다는 전문적인 느낌은 아니지만 그래도 파블로바 맛있어요!!! #연남동디저트맛집 #홍대디저트카페 라프 하우스 추천합니다. 그럼 안녕히 계세요."
"[연남동] 라프하우스 - 연남동카페, 부드러운 라프라떼가 맛있는 곳!","라프하우스 매일 11:00-21:00 전화번호 : 02-337-7353 라프하우스 서울특별시 마포구 동교로32길 10 2층 라프하우스 홍대입구역 3번 출구에서 도보 5분거리에 위치한 연남동카페, 라프하우스에 다녀왔어요! 라프하우스는 오른쪽에 보이는 건물 2층에 위치해 있습니다. 나선형 계단을 따라 2층으로 올라가면 연남동카페, 라프하우스가 나옵니다! 모던한 인테리어의 매장입니다. 매장에 들어서자마자 중국어가 들려와서 깜짝 놀랐는데, 중국인 손님들이 계시더라고요! 일하시는 분들도 중국어로 대화하시고요*.* 연남동카페, 라프하우스의 다채로운 메뉴입니다:) 라프하우스의 대표분은 셰프이셨대요! 그래서 이곳의 모든 디저트는 수제로 만들어지고 플레이팅도 화려하다고합니다. 또 라프하우스는 파블로바케이크, 말렌카케이크 같은 흔하지 않은 수제 디저트가 있어서 유명한 곳이더라고요*.* 이건 당근치즈케이크인대요! 흔히 떠올리는 당근케이크의 비쥬얼이 아니네요*.* 궁금해서 주문해봤어요:) 라프하우스의 뜻이 궁금했는데 카운터앞에 적혀있더라고요. Respect Admire Faith 이 세 단어의 앞글자를 따서 만들어진 ‘존중에 의한 공존’의 의미였어요>_< 네이밍을 참 잘하셨네요:) 음료와 디저트 모두 테이블로 가져다주셨어요! 연남동카페, 라프하우스! 영상으로도 담아봤습니다:) 라프하우스는 2층에 위치해있어서 이렇게 창가자리에 자리를 잡으니까 통유리창 넘어로 밖을 내다볼 수 있어서 답답함이 없네요*.* 예쁜 글라스에 담겨 나온 라프하우스의 시그니처 음료인 라프라떼입니다! 부드러운 라떼 위에 오렌지크림이 덮여져 있어요. 아인슈페너에 올라가는 크림을 떠올리면 되는데, 그 크림에 은은한 오렌지 풍미가 풍깁니다🍊 그리고 오렌지필링이 콕콕 들어있어서 씹는 식감도 느껴지고요>_< 저는 이 라프라떼 추천합니다! 과하지 않고 부드러워요! 이건 아이스 코코넛라떼입니다! 코코넛파우더와 에스프레소의 두 맛의 조화가 너무 좋아요. 달달한 커피를 좋아하지 않지만, 코코넛라떼는 딱 적당한 당도입니다. 당근치즈케이크에는 슬라이스 아몬드와 건크렌베리, 그리고 당근이 들어있는 촉촉한 당큰케이크 위로 달달한 크림치즈가 소복하게 얹어져있어요. #연남동카페 #연남동케이크 #연남동디저트 #연남동데이트 #연남동커피 #연남동데이트코스 #연남동카페추천 #연남동디저트카페 #파블로바케이크"
연남동 파블로바 내돈내산 후기:: 연남동 디저트카페 라프하우스 찐후기,"연남동에서 웬만한 카페는 다 가본 것 같아요 ㅎㅎ 그치만 항상 새로운 디저트 카페를 찾는 것을 좋아하는 저는 이번에 연남동에 위치한 라프하우스를 다녀왔어요 실내는 이런 느낌이에요. 뭐랄까 감각적인 빈티지느낌이에요! 인스타 피드에 올리기도 좋을 그런 감각적인 인테리어에요 :) 자리는 주로 2-3인 테이블이었구 약 7팀 내외로 수용 가능한 그렇게 넓진 않은 규모입니다. 하지만 테이블간 간격이 많이 좁지 않아서 좋았어요! 연남동 라프하우스 디저트 메뉴로는 딸기 파블로바, 머랭롤라드, 말렌카케이크, 다쿠와즈, 크루아상이 있어요! 다른 카페들보다 조금 생소한 메뉴들이 있죠?.. 저희는 1인 1음료에 1인 1디저트를 실천했어요.. 배가 고파서 어쩌다보니 식사를 했네요 ..^^ 아메리카노는 5천원이에요. 꽤 비싸네요..! 딸기 파블로바 11000원 플레이팅이 너무 예쁘죠. 연남동 라프하우스의 파블로바 맛은 ?!!!! 솔직히 그냥 무난했어요. 사실 제가 파블로바를 좋아해서 지금까지 세 곳을 다녀봤는데.. 음 라프하우스 파블로바는 일단 크기가 제일 작았어요… 그리고 딸기 파블로바인데.. 딸기가 너무 시스루처럼 얇아서 .. 조금 아쉬웠어요. 또 저렇게 겹겹이 쌓으려면 얇은 두께가 중요할 것이라고 생각은 하지만 .. 음 뭔가 너무 과일을 아끼려는 느낌을 지울 수가 없어요 .. 바나나마저도 매우 얇게 슬라이스되어있어서 이것도 기술이라면 기술같습니다.. 솔직히 맛은 괜찮았는데 크기+재료의 부실함이 좀 아쉽게 느껴졌던 파블로바입니다.. 왜냐면 가격은 다른 곳이랑 거의 동일하거든요 ㅠㅠ 그리고 커피도 사진을 못 찍었는데 5천원치고 생각보다 양이 적어서 아쉬웠어요 🥲 라프하우스 말렌카케이크 초코 7000원 말렌카케이크는 처음인데 시트 겹겹이 꿀을 바른 케이크라고 안내해주셨어요! 뭔가 연유같은 달콤한 소스가 시트 사이사이 발라져있어요. 익숙한 맛으로 표현하자면 웨하스! 웨하스를 케이크로 만든 느낌이에요. 초코디저트를 좋아하시면 무난하게 먹기 괜찮을 것 같습니다 :) 꾸덕한 초코 디저트라서 아메리카노와 잘 어울려요 ☺️ 인테리어도 감각적으로 예쁘고, 플레이팅도 예뻐서 사진 찍는 것을 좋아하시는 분들께 추천! 하지만 전반적으로 디저트, 음료가 양에 비해 가격이 좀 비싸다는 느낌을 받았어요…그 점이 쪼금 아쉽네용😢 라프하우스 서울특별시 마포구 동교로32길 10 2층 라프하우스"
"#연남동카페 [라프하우스] 디저트 맛집 인정(메뉴, 영업시간, 자리)","[빵빵] 불금을 맞아 간만에 연남동에 다녀왔는데 아주 힙한 카페를 찾았어요! 이름하야 라프하우스 ! 연남동 어느 한 골목의 건물 2층에 위치하구요 오전 10시 오픈, 저녁 9시 마감이니 참고해주세요! https://instagram.com/rafhouse_seoul?utm_medium=copy_link 라프하우스(@rafhouse_seoul) • Instagram 사진 및 동영상 팔로워 782명, 팔로잉 3명, 게시물 72개 - 라프하우스(@rafhouse_seoul)님의 Instagram 사진 및 동영상 보기 instagram.com 라프하우스를 향해 2층으로 뚜벅 뚜벅 올라갑니다 근데 여기 2층 올라가는 조명부터 예사롭지가 않았어요 뭔가 인테리어 장인이 계실 것 같은 느낌… 입구부터 웨이팅 적는 장부가 있더라구요 (인기많나보다…) 자리가 없을까 걱정했지만 다행이도 저희가 갔을 땐 자리가 있었어요 얏호! 아까 들어오는 길 부터 뭔가 힙한 냄새가 스멀스멀 나더니 역시나… 내부 인테리어가 멋지더라구요 ! (왼)요렇게 넷이서 앉는 자리도 있구 (오)둘이서 오붓하게 바깥 바라 볼 수 있는 창가 자리도 있어요! 우리가 자리 잡은 곳은 바로 요기입니다. 자리를 잡고 주문을 하러 gogo~! 우리는 아이스 아메리카노와 라프커피(시그니쳐 안먹을 수 없죠) 그리고 다쿠와즈(흑임자, 황치즈)를 시켰어요 히히 여기 메뉴는 미리 만들어놓지 않고 주문 즉시 만들어진다네요… 인테리어에 이어 디저트 장인의 냄새가 난다용… 주문한 메뉴를 기다리며 여기저기 꾸며져 있는 것들을 구경했어요. 굉장히 힙⭐️하⭐️다 우리의 메뉴 등장 !!! 제가 시킨 시그니쳐 메뉴인 라프커피에요! 오렌지비엔나커피인데 평소에 먹던 비엔나커피 맛에서 상콤한 오렌지 향이 번지는 굉장히 특별한 맛이었어요♥️ 만족 만족 특히 위에 크림이 아주 부드럽고 쫀쫀했답니다…💕 이건 황치즈 다쿠아즈인데 씹으면 씹을수록 치즈의 고소한 맛이 올라와서 좋았어요 ~~~ 특히 다쿠와즈 비스킷이 퐁신퐁신 해서 식감이 너무 좋았답니다. 요건 흑임자 다쿠와즈!!! 갠적으로 전 이게 더 맛있었어요. 제가 또 이런 정겨운 고소한 맛에 환장하그든여💕 분명 밥을 먹고 갔는데… 걸신 들린 사람들마냥 깨끗하게 해치웠네요 ㅋ 이집 디저트 잘하더라…^^ 먹기전에 친구가 찍어준 사진인데요 뒤에 인테리어가 멋지다구 인생샷 건져준다며… 음식을 찍은건지 저를 찍은건지…?=ㅅ= 여러분은 꼭 가서 인생샷 건지고 맛있는 디저트도 먹고 오세요 ♥️ 디저트 진짜 진심 너무 맛있고 인테리어도 힙한 라프하우스 별 다섯개 드립니다. ⭐️⭐️⭐️⭐️⭐️ 라프하우스 서울특별시 마포구 동교로32길 10 2층 라프하우스 #라프하우스 #연남동카페 #연남동힙한카페 #홍대카페 #연남동라프하우스 #홍대라프하우스 #연남동디저트 #연남동다쿠아즈 #홍대디저트카페 #홍대다쿠아즈 #다쿠아즈맛집 #다쿠와즈맛집 #연남동디저트카페 #연남동다쿠와즈 #연남동아인슈페너 #연남동비엔나 #연남동감성카페 #연남라프하우스"
연남동 분위기좋은 카페 라프하우스,"[연남동 분위기좋은 카페 라프하우스 리뷰] 오늘은 연남동 디저트 잘하는 곳 라프하우스에 대해서 리뷰해 보겠습니다 ^^ 일단 연남동에는 수많은 카페들이 있는데 이곳은 꼭 꼭 여러분들이 가보셨으면 하는 그런 곳이에요 그러니 오늘 포스팅 잘 참고하셨다가 연인과의 데이트나 또는 디저트 맛집 찾으신다면 라프하우스 꼭 기억해주시고 방문해보셨으면 좋겠네요 ^^ 자! 그럼 연남동 분위기좋은 카페 라프하우스로 출발해볼까요? 연남동 하면 이렇게 골목 골목 찾아가는 재미가 쏠쏠하죠? 오늘 소개해드릴 연남동 분위기좋은 카페 라프하우스도 이렇게 골목에 위치해 있어서 찾아가는 재미가 쏠쏠했어요 ^^ 연남동 분위기좋은 카페 라프하우스 2층에 위치해 있고요 오픈 시간이 지났으니 한번 올라가보도록 하겠습니다 "" 보통 저희는 아침 9시부터 움직여서 가끔 오픈전에 도착해서 기다리는 경우도 있거든요 ㅋㅋㅋ "" 아무리 연남동이라고 해도 아침 일찍 움직이니 카페에 손님들이 별로 없었는데요? 덕분에 한적하게 리슨 뮤직과 맛나는 커피를 마시며 디저트까지 먹을 수 있었어요 자! 그럼 메뉴판으로 가보도록 하겠습니다~ 연남동 분위기좋은 카페 라프하우스에서 주문한 메뉴는 라프커피, 지인은 아몬드크림커피 그리고 디저트로는 딸기파블로로 주문했어요 전체적으로 다 맛있었는데 라프커피는 정말 찐진국이었는데 심지어 아몬드크림커피를 좋아해서 주문한 지인도 저의 메뉴를 탐냈으니 말 다했죠 ^^ 그러니 꼭 이곳 연남동 분위기좋은 카페 라프하우스에 오신다면 라프커피 꼭 마셔보세요 ^^ 좌측이 아몬드크림커피 우측이 라프커피 둘다 맛있었지만 구지 하나를 선택하라면 저는 이곳 연남동 분위기좋은 카페 라프하우스에서 라프커피는 꼭 마시라고 다시 한번 언급하고 싶습니다 ^^ 양은 작지만 깊은 맛은 정말 벤티사이즈 부럽지 않을 정도로 맛있었어요 뭔가 그냥 달달하기만 하는 싸구려의 맛도 아니고 뭔가 묵직하면서 고급진 맛이에요 그냥 마셔보시면 딱 느끼실꺼에요~ 그리고 연남동 분위기좋은 카페 라프하우스의 대표 디저트죠? 바로 딸기파블로! 비주얼 만큼 맛도 있어서 많은 사람들에게 인기가 많은 디저트인데요? 역시나 맛있습니다 ㅠㅠ 이 빛나는 비주얼의 디저트를 어떻게 포크질 하면서 먹으리오 ㅜㅜㅜ 아쉬운 대로 사진 여러장 찍고서야 조금씩 먹기 시작했답니다 ㅋㅋㅋ 과일중에서도 제가 좋아하는 딸기와 바나나! 그리고 크림과 빵의 조합은 정말 입에서 천국이 펼쳐지는 느낌이었는데요? 먹어도 먹어도 질리지 않고 커피랑 먹으면 더 맛있는 그런 드저트였어요 이것도 앞서 소개해드린 커피와 함께 꼭 드셔야하는 디저트이니 체크 부탁드릴게요 ^^ 아시겠죠? 맛있게 잘 마시고 먹었고요 슬슬 손님들이 입장하니 저희는 또 빠르게 다음 먹방 장소로 이동해보도록 하겠습니다~ 연남동 분위기좋은 카페 라프하우스 리뷰 끝! 라프하우스 서울특별시 마포구 동교로32길 10 2층 라프하우스"
여름철 시원한 이색 디저트를 찾는다면 연남동 라프하우스,"홍대에서 발견한 색다른 디저트 맛집 처음 보는 남다른 디저트의 비주얼에 그만 기절하고 말았습니다. 라프하우스 서울특별시 마포구 동교로32길 10 2층 라프하우스 주소 : 서울 마포구 동교로32길 10 2층 라프하우스 운영시간 : 월-일 12:00-21:00 전화번호 : 0507-1389-7353 아기자기한 카페와 식당들이 줄 지어있는 연남동 오랜만에 방문해서 조금 셀렘 홍대입구역 3번출구로 나와 직진하다가 골목으로 들어가면 금방 도착한다. 2층에 위치한 라프하우스는 계단부터 힙하다. 내부 인테리어는 모던하고 힙한 느낌 곳곳에 놓여진 귀여운 소품들 때문에 편집샵을 연상시킨다. 깔끔한 화이트 톤의 가게에 포인트들이 콕콕 내부가 꽤 넓고 테이블 간격도 넓어서 탁 트여 보인다. 커다란 통창도 분위기에 한몫 여름 디저트 메뉴 아이스 파블로바와 아이스 아메리카노와 석류펜지에이드를 주문했다. 라프하우스의 메뉴는 미리 만들어 놓지 않고 주문 후 바로 조리하기 때문에 10분에서 15분 정도 소요된다. 아이스 파블로바 파블로바는 겉은 바삭바삭하고 속은 부드러운 머랭 베이스의 디저트 알록달록한 모자를 쓴 것 같이 귀엽다. 먹기 전 유기농 올리브오일과 패션후르츠, 연유가 들어간 소스를 뿌려준다. 상큼하고 씨가 톡톡 터지는게 맛있다. 설명대로 우당탕 부셔서 크림과 머랭시트를 함께 먹었더니 세상 맛있다. 바닥에 있는 그래놀라와 함께 먹었더니 오독오독 식감도 최상 달다구리한 바닐라 아이스크림과 마시멜로우 향의 크림이 조화가 좋다. 입에 넣자마자 사르르 녹아 없어짐 겉바속쫀의 파블로바와의 궁합도 좋아서 마구마구 퍼먹었다. 구슬 아이스크림의 톡톡 터지는 식감이 특이했다. 바닥에 깔려있는 포도랑도 신기하게 잘어울림 카운터에서 판매하는 초를 꽂으면 특별한 날 케이크대신 먹어도 좋겠다. 석류펜지 에이드 아이스 아메리카노 시럽과 같이 서빙된 석류펜지 에이드 보라색 시럽을 부어 섞어 마시면 된다. 바닥엔 젤리가 들어있어서 식감도 재밌다. 상큼하고 청량해서 여름에 어울리는 에이드다. 슬슬 더워지는 날씨에 시원하고 달달하게 즐길 수 있는 색다른 메뉴였다. 아기자기하고 알록달록한 디저트에 괜시리 위로받은 기분 눈과 입이 행복한 이색 디저트카페를 찾으신다면 라프하우스 추천 #홍대데이트 #연남동카페 #데이트 #디저트카페추천 이 글은 리뷰노트를 통하여 본 업체에서 제품 또는 서비스를 제공받아 작성된 글입니다."
연남동 카페연남동 디저트파블로바 맛집 라프하우스,안녕하세욤>< 오늘은 #맛집블로거 #카페블로거 인데용 엄맘마랑 #연남동 #카페 다녀온 #후기 가져왔어요! 서울 마포구에 있는 #파블로바 맛집이라구해서 #라프하우스 다녀왔는데염 사실 저는 전부터 파블로바가 너무너무 궁금했었거둔여... 그래서 왕기대 하구 다녀왔습니다용 ㅎㅎ 카페 도착하자마자 날씨도 너무좋고 통유리창이라 채광이 너무 좋을 것 같아서 막 기대가 되더라구요 라프하우스 위치는 서울 마포구 동교로32길 10 (연남동) 2층 라프하우스 요기구! 영업시간은 월 ~ 일 12:00 - 21:00 요렇게 운영하니까 방문 전에 꼬옥 참고하고 방문 하셔용~! 주말엔 웨이팅이 있는 것 같드라구요 저랑 엄마는 #파블로바 맛집 이니께 아이스파블로바 하나 하구 아메리카노랑 석류팬지에이드로 골랐어요!! 다른 디저트들도 짱많음!! 요런 초 들도 팔구... 넘 귀여워ㅠㅠ 매장 인테리어도 힙하구... 이쁘드라구요... 기미 절대 방어.... ㅋㅋㅋㅋ아줌마처럼 선패치 붙이고 다니는 사람 나야나~~~ 기대했던 것 처럼 채광 도랏멘 요 동네 볼일있음 또 오려구요@!! 조명들이 다 예뻐서 저녁에 와도 이쁠듓... 석류팬지에이드... 색감 실화냐아아악!!!!! 요렇게 따라서 마시면 색이 변함 ㅎㅎ 아이스파블로바 구성... ㅇ미쳤는디여 구슬아이스크림 바닐라아이스크림 머랭 과일 그래놀라 로투스 패션후르츠유기놀올리브오일 #연남동 카페 #연남동 디저트 바닐라 아이스ㅡㅋ림 뚜껑 열명 구슬아이스크림 등장이요. 겉은 바삭하고 속은 쫀득한 파블로바와 아이스크림과 같이 먹으니까 맛있드라구요 그리고 패션후르츠 꼭!!! 뿌려먹어염 풍미가 살드라구요 여름에 강추할만한 디저트라 방문 원하시는 분들 위해서 장소 첨부해둘게용~! 라프하우스 서울특별시 마포구 동교로32길 10 2층 라프하우스 오늘도 제 글 읽어주셔서 너모 감사해용♥ #공감 과 #댓글 은 저에게 아주 크으은~~~ 힘ㅇㅣ됩니당ㅇㅎㅎ 앞으로 #일상 이야기 많이 많이 가져올게용 기대해주세연>< #추천 #이웃 #서로이웃 #좋아요 #소통 #이웃환영 #서이추환영 #블로거 #후기 #연남동 #카페 #연남동 #디저트 #파블로바 #맛집 #서울 #마포구 #라프하우스 이 글은 리뷰노트를 통하여 본 업체에서 제품 또는 서비스를 제공받아 작성된 글 입니다.
찰리와 홍대 연남동 데이트! 드래곤스퀘어(dragon square)&라프하우스(RAFHOUSE),"원래는 남자애들 모두 한 번에 만나려고 했으나 다들 스케줄이 있어 찰리와 1:1로 만나기로 했다. ㅋㅋㅋ ㅋㅋㅋㅋㅋㅋㅋ 몇 년 만에 만나는 거라 '어색하면 어떡하지?' 고민했는데 고민 따윈 필요 없었음. 둘이서 3~4시간을 수다 떨었다. 좋다! 좋아! (다음날, 애들 만났는데 찰리가 진짜 말 많았냐고 신기해했음. 나 찰리랑 짱친이란 말이야~ ~~) 코니랑 아침 대용으로 디저트39 타로 밀크티를 먹었다. 뒤늦게 타로 맛을 알아버렸소. 요즘 카페 가면 타로 밀크티만 먹는다. JMT 김포공항에 내려 홍대로 갔다. 코니는 홀로 추억여행한다며 떠났고, 나는 찰리를 만나러 갔다. 식당 정하면 못 찾아간다고 하니까 찰리가 2번인가? 3번 출구 앞에서 기다려줬다. ㅋㅋ ㅋㅋㅋㅋ ㅋㅋㅋㅋㅋㅋㅋㅋㅋ (예전에도 연남동에서 비5랑 또리 만날 때 길 잃었음. 또리가 구원해줬었지...허허허헣ㅎㅎㅎ) 찰리 - ""뭐 먹을래?"" 새싹아가씨 - ""뭐가 맛있어? 나 연트럴파크도 알아."" 비5한테 배운 거 찰리한테 아는척함 ㅋㅋㅋ ㅋㅋㅋㅋㅋㅋㅋㅋㅋㅋ 둘 다 결정 장애라 식당 못 정하다가 젊은이들이 합해 보이는 식당으로 들어가길래 내가 ""찰리! 우리도 저기 가자!""ㅎㅐ서 들어갔음^^ 드래곤 피자 서울특별시 마포구 동교로30길 6 지하1층 주문하고 음료가 젤 먼저 나왔음. 내가 제로를 주문했을 리 없고, 찰리가 제로를 주문했었나보넼ㅋㅋㅋㅋㅋ 나는 닥터페퍼! (탄산 잘 안 먹는데 피자 먹으니까 필요했음) 피자만 먹기엔 아쉬우니까 사이드메뉴 프렌치프라이도 주문했음. 이때 왜 맥주를 안 먹었지? 찰리... 우리 왜 맥주 안 먹었냐고!! !!! 포스팅하는 지금, 넘나 아쉬움. 서로 피자 하나씩 골랐음. 반반 피자? 주문했다. 찰리는 드래곤스퀘어의 시그니처 메뉴인 페퍼로니피자를 골랐고, 나는 레드스트라이프? 누른 것 같은데 기억이 잘 안 난다. 피자 맛있었음. 이때부터 이야기 삼매경. 찰리 포트폴리오도 보고 잼썼다. 찰리야 또 만나줘. 나 또 서울 갈래~ ~ ~~ 1차는 새싹이가 쐈고요. 2차는 찰리가 사줬다. 카페도 어디 갈지 고민하다가 내가 찰리한테 ""나 연남동 카페 알아! 나만 따라와"" 하면서 라프하우스 데려왔다. ㅋㅋ ㅋㅋㅋㅋㅋㅋㅋㅋㅋ ㅋㅋㅋㅋㅋㅋㅋㅋㅋㅋㅋㅋㅋ 보고 있나? 비5랑 또리? 연남동 카페 추천, 크루아상 존맛탱! 라프하우스(=rafhouse) 안녕하세요. 새싹아가씨입니다. 광야에서 맛 좋은 점심을 먹고 서로 열심히 카페를 찾았지만 부질없는 짓이... blog.naver.com 근데 예전에 먹었던 디저트는 없어졌고, 새로운 디저트 메뉴가 생겼다. 둘 다 피자 먹고 와서 배부르다 해놓고, 디저트 주문했음. (뭔지도 모르는데 일단 주문했음ㅋㅋㅋㅋㅋ 머랭롤라드인가??? ? ? 우린 촌놈들.) 이찰맄ㅋㅋㅋ ㅋㅋㅋㅋㅋㅋㅋㅋㅋㅋㅋㅋㅋㅋㅋ 귀여운거 보소. 사진 찍고 있으니까 청첩장이랑 찍어야 된다면서 저러고 있다. ㅋㅋ ㅋㅋㅋㅋㅋㅋㅋㅋㅋㅋ ㅋㅋㅋㅋㅋㅋㅋㅋㅋㅋㅋㅋㅋㅋㅋㅋㅋ ^_^ 그나저나 커피 잘 안 마시는 내가 왜 아이스아메리카노 시켰냐규?!!!! 머랭롤라드 먹어야 하니까~ ㅋㅋ ㅋㅋㅋㅋㅋㅋㅋㅋ ㅋㅋㅋㅋㅋㅋㅋㅋㅋㅋㅋㅋㅋ 모양도 정말 예쁜데 달달하니 맛있었다. 둘 다 배부른데 계속 먹어. 또 먹어. 다 먹고, 찰리랑 한 컷! (왜 틴트 안 바르고 사진 찍은 건데 나란사람아....ㄷㄷㄷ) 찰리 넘 즐거웠어. 조심히가! 그리고 결혼식에서 봄. ^-^ 울 찰리 소개팅한다면서 왜 나한테 연락 없는데? 후기 말해주기로 했는데.... 보고 있니? 암튼 즐거운 시간이었다. 또 만나러 갈래. 서울 갈래. 나 놀러 갈래. 찰리와의 데이트 끝!"
2023년 7월 29일 토요일 지글지글 모든게 다 익고 타버릴 것 같은 정열적인 날씨 홍대입구역 연남동 모임(풀뜯는 돼지와 라프하우스),"열심히 일하느라 바쁘고 날씨는 뜨겁지만 우리 모임은 계속된다! 더워 어디 돌아다니지는 못 할 것 같다고 각자 오기에도 적당한 홍대입구역으로 장소 물색. 이번엔 풀뜯는 돼지에서 하기로^^ 홍대입구역 3번 출구에서 5분쯤 걸어 도착. (두루치기 골목이 아니고 불돼지집 골목으로 ) 12시 개점 10분전쯤 도착했는데 정각에 세번째로 입장하여 셋팅된 테이블에 일사불란하게 진행 ㅋㅋ금방 만석. 창밖엔 대기자들도.....예약도 안 받아서 개점시간에 늦을까봐 서둘렀지만 한편으로는 이 더위의 대낮에 누가 불판앞에 고기 구으러 올까 싶었는데 안일한 생각이었다. 실내는 덥지도 않고 설명과 함께 숙련된 솜씨로 직접 구워주셔서 편안하게 먹기만 하니 좋고 미나리요리로 피도 맑아지고 건강해진 느낌 ㅋㅋ 미나리 삼겹살 3인분, 미나리전, 된장찌개를 포함한 미나리 비빔밥 일사불란하게 먹고 다음 사람들을 위해 서둘러 나옴. 주위를 돌아보고 싶은 생각이 1도 없다는 친구들이 들어가기전 부터 봐 둔 건너편 2층 찻집 라프하우스로 직행. 우리가 1등으로 커피 마시고 케잌 먹고 하는 사이 어느 새 만석. 얼른 일어나 다시 홍대입구역으로. 최소 이동 최단거리 모임으로 기록 ㅋㅋ 저녁은 가족과 함께~^^ 오랜 인연의 친구들~ 건강하자! #풀뜯는돼지 #풀뜯는돼지연남동 #홍대입구역맛집 #라프하우스 #연남동맛집"
"[홍대 연남동 카페] 연남 골목길 인스타감성 디저트 핫플 맛집, 힙하고 조용한 라프하우스 RAF HOUSE : 라프커피(오렌지비엔나, 아몬드크림라떼, 머랭롤라드","복잡한 홍대가 질리신다면, 연남동 골목길 감성적이고 조용한 카페를 찾기 마련이죠. 오늘은 연남동 골목길 디저트 핫플 맛집 그리고 감성적이고 조용히 담소를 다눌 수 있는 ""라프하우스(RAF HOUSE)"" 소개합니다. 라프하우스 서울특별시 마포구 동교로32길 10 2층 라프하우스 라프하우스 RAF HOUSE 서울 마포구 동교로 32길 10, 2층 라프하우스 매일 12:00-21:00 0507-1389-7353 제로페이 주차불가 라프하우스 위치는 홍대입구 3번 출구에서 도보 5분 거리 골목길에 위치해 있습니다. 멀지 않은 곳에 위치해 있어 시끌벅적한 홍대가 부담스러우시다면 홍대역과 가까운 연남동 카페, 라프하우스 추천드립니다. 2층 올라가는 창문에 포스터가 부쳐 있는데요. 포스터 뒤로 맑은 하늘이 라프하우스 디저트와 어우러져 더욱 돋보이게 해줍니다 :) 커피 Coffee ★ 라프커피 (오렌지비엔나) only ice ★ 아몬크림라떼 only ice 아메리카노, 카페라떼, 바닐라라떼, 코코넛라떼, 아포가토 에이드 Ade ★ 석류펜지에이드 청귤에이드, 한라봉에이드 티 Tea 수르닐(후르츠 그린티), 유즈템플(유자 그린티), 엥프레셔니스트(라벤다바닐라), 밀크티 (ONLY ICE) 논커피 Non-Coffee ★ 체리초코라떼 초코라떼 칵테일 Cocktail ★ 얼그레이 하이볼 드라이 하이볼, 오미자 하이볼, 말리부 파인애플 / 밀크, 데킬라 샷 맥주 Beer 스텔라 디저트 Dessert ★ 딸기파블로1단 / 2단 머랭롤라드, 말렌카케이크(초코,월넷), 말렌카초코롤, 나폴레옹 페스츄리 라프하우스 메뉴는 신선하고 질 좋은 재료로 즉시 플레이팅을 시작하기 때문에 미리 만들어 놓지 않는다고 합니다. 따라서 파블로바, 머랭롤라드 등 모든 디저트는 주문 즉시 조리되기 때문에 파블로바 케이크의 경우 10-15분 소요된다고 하네요. 연남동 카페 라프하우스는 파블로바 케이크로 유명하기에 계산대 앞에 귀여운 촛불도 같이 판매하고 있었습니다. 홍대나 연남동에서 생일파티를 하신다면 라프하우스 시그니처인 딸기파블로바 케이크도 좋겠네요. 가격도 저렴하고 디자인도 남달라서 특별한 생일케이크가 될 수 있을 거 같습니다 :-) 자리는 개인석과 단체석이 준비되어 있습니다. 개성이 넘치는 의자와 테이블에 곳곳에 놓여 있어서 인원수에 맞게 끌리는 자리로 자유롭게 앉으시면 됩니다. 유리창 앞에도 좌석이 마련되어 있어서 창밖의 사람들 구경 또는 연남동을 구경하면서 지인들과 즐거운 시간을 보낼 수 있습니다. 연남동 라프하우스는 감성적이고 인스타감성을 풍기는 액자와 소품들로 매장을 둘러싸고 있습니다. 감성적이고 지인들과 조용히 이야기를 할 수 있는 홍대 연남동 카페를 찾으신다면 라프하우스 추천입니다. 감성적이고 힙한 인테리어 사이 컴퓨터에는 혼자, 친구들과 추억을 남길 수 있는 포토존? 이 있습니다. (사진은 알아서 핸드폰으로 찍어야 합니다 ㅋㅋㅋㅋㅋ) 라프하우스 라프커피 (아메리카노) 라프하우스의 시그니처 커피 인 라프커피. 오렌지비엔나 라고도 불립니다. 라프커피는 베이스를 아메리카노와 라떼 중 선택 해야 합니다. 커피위에 수제오렌지크림과 반쪽오렌지가 올라가있습니다. 아래쪽에는 커피향, 위쪽에는 오렌지향으로 마실 때마다 입에서 달콤하고 풍미가 도는 맛이었는데요. 기본을 라떼로 선택했으면 어떨지 궁금했어요 :) 홍대 연남동 카페 연남 골목길 인스타감성 디저트 핫플 맛집, 힙하고 조용한 라프하우스 RAF HOUSE 라프하우스 아몬드크림라떼 풍부한 크림 위로 땅콩가루와 시나몬가루가 일자로 뿌려져 있습니다. 달달하니 땅콩가루 고소함과 크림이 부드럽고, 아몬드 향이 입안에서 확 돌아 맛을 더해줍니다. 라프커피와 아몬드크림라떼는 얼음없이 only ice로 만들어 지는데요. 처음 한입은 아몬드향이 돌면서 끝맛은 시~원해지고, 시간이 지날수록 맛이 진해져서 기억에 남더라고요. 개인적으로 라프커피보다 아몬드크림라떼가 맛있었습니다. 라프하우스 머랭롤라드 머랭으로 만든 롤케이크 머랭롤라드는 프렌치머랭을 이용해서 그릭요거트, 마스카포네 치즈로 만든 크림을 가득 채워 만든 롤케이크입니다. 머랭은 먹어보았지만, 머랭 빵은 처음 먹어보았는데요. 빵 같기도 하고 조금 꾸덕꾸덕하기도 한 게 입안에서 사르륵 녹는 게 신기하더라고요. 머랭빵 위에는 달콤한 블루베리와 거봉으로 산뜻함을 더해줘서 느끼하지 않게 먹을 수 있었습니다. 저 무서운 포크들.... 머랭롤라드 살려!!!!! 머랭롤라드는 정말 순식간에 사라졌습니다. 놀라운 그녀들... 라프하우스(@rafhouse_seoul) • Instagram 사진 및 동영상 팔로워 920명, 팔로잉 3명, 게시물 123개 - 라프하우스(@rafhouse_seoul)님의 Instagram 사진 및 동영상 보기 www.instagram.com 북적북적한 홍대가 부담스러우시다면 한적하고 인스타감성이 묻어나는 디저트 맛집, 라프하우스 추천드립니다 :) 제 돈으로 직접 구매하여 솔직하게 작성된 내돈내산 후기입니다."
연남동카페 라프하우스 | 수제디저트 완전 강추해요,"안녕하세요 토리입니다 :) 크리스마스 이브에 저희부부가 선택한 데이트코스는 연.남.동! 요새 자주 외출을 안하려고 하는데 크리스마스가 다가오니까 오랜만에 밖에서 데이트하고싶더라구요 ㅎㅎ 그래서 찾은 연남동카페 라프하우스! 연남동카페 라프하우스 홍대입구역 3번출구에서 걸어서 5분? 정도만 걸으면 바로 나와서 찾기 쉽더라구요! 날씨가 조금 추웠지만 슬슬 걸어가니까 금방이더라구요 ㅎㅎ 라프하우스는 건물 2층에 있어요~ 좌측에 있는 계단으로 올라가봅니다 나선형 계단을 올라서~ 연남동카페 라프하우스 웨이팅 2층 입구에 보니 이렇게 의자가 있었습니다 아마도 웨이팅할때 기다리는 의자같은데 추운 밖에서 기다리지않고 계단 위에 의자를 마련해두신 배려심이 느껴졌어요 ㅎㅎ 연남동카페 라프하우스 인테리어 저희가 갔을때는 피크타임이 아니다보니 손님이 많이 없었어요~ 전체적으로 분위기가 정말 힙하더라구요 ㅎㅎ 남편이랑 저랑 ""우리가 이런데 있어도 돼?ㅎㅎ"" 라며 농담했네요 ㅎㅎ 크리스마스 소품들도 원래 인테리어랑 정말 잘어울리게 배치되어있어서 사진맛집이더라구요 ㅎㅎ 인스타 하시는 분들 인생샷 장소로 추천드려요 라프하우스 메뉴 라프하우스 메뉴판이에요 메뉴가 정말 많았는데 여기 시그니쳐가 먹어보고 싶어서 다른데서 못먹어본 메뉴들로 주문했습니다! 라프커피(오렌지비엔나) 아몬드크림라떼 말렌카케이크(초코) 주문하다보니 역시 수제 디저트 카페 답게 좌측에 디저트 만드시는 주방이 있더라구요~ 라프하우스 수제케이크 크리스마스 홈파티 하는 분들이 많은지 케이크포장이 정말많았어요 ㅎㅎ 영롱한 자태! 저도 다음에 케익선물하거나 포장할 일있으면 라프하우스에서 포장하려구요 ㅎㅎ 라프하우스 수제디저트 수제디저트라서 좀 기다려야 할 줄알았는데 생각보다 금방 나왔어요~ 직원분께서 자리까지 직접가져다주셔서 좋았습니다 :) 라프하우스 말렌카케이크 요 메뉴가 오늘의 주인공 말렌카케이크입니다! 저희는 초코맛으로 주문했어요~ 크라프트케이크처럼 겹겹이 쌓여있고 중간에 크림이 녹아있더라구요! 맛은 쫀득하면서도 과하게 달지않은 고급스러운 맛! 빵은 초코맛으로 적당히 달았는데 또 옆에 같이 올려주신 크림은 달지않아서 질리지않게 먹을 수 있는 맛이었어요 강추합니다! 라프하우스 아몬드크림라떼 그리고 이건 제가 시킨 아몬드크림라떼 위에 크림이 완전 부드럽고 아몬드향이 정말 고소했어요 커피는 들어갔지만 커피의 쓴맛이 아예 없어서 커피 써서 못드시는 분들에게 딱이에요! 라프하우스 라프커피 그리고 오빠가 시킨 라프커피! 위에 말린 오렌지가 올려져있듯이 오렌지향이 나는 커피에요 커피랑 상큼한 오렌지향이 자연스럽게 어울어지고 또 위에 크림의 부드러운 맛까지 합쳐지면서 엄청 맛있더라구요!ㅎㅎ 케이크와 음료도 맛있었지만 아기자기하고 힙한 소품들이 많이 있어서 구경하기도 좋았어요 ㅎㅎ 이렇게 한 면이 통창으로 되어있어서 지나가는 사람 구경하는 재미도 쏠쏠했구요 ㅎㅎ 라프하우스 서울특별시 마포구 동교로32길 10 2층 라프하우스 연남동카페 라프하우스 위치는 홍대 3번출구에서 5분거리에 있어요! 연트럴파크 사거리근처에 있어서 찾기도 쉬우니 연말 분위기 내고 싶으신 분들 연남동카페 라프하우스 추천합니다 :)"
연남동커피숍 이색디저트카페 라프하우스 RAF HOUSE,"연남동커피숍 이색디저트카페 라프하우스 RAF HOUSE 방문했어요~ 오랜만에 지인들과 만나 홍대 놀러 나가는 날이었어요~ 지난해 연말에 한 번 모이기로 했는데 다들 공사다망하여 여의치가 않아서 못 모여서 망연회는 못하더라도 신년회는 하자는 의견이었네요~^^ 장소는 평소에 가고 싶었는데 자주 못 갔던 홍대쪽으로 정했는데 조용하면서 분위기 좋은 곳으로 추천 받아 방문하게 되었어요~ 라프하우스는 홍대입구역 3번 출구에서 가까워요~ 라프하우스 서울특별시 마포구 동교로32길 10 2층 라프하우스 길변에 있는 스탠팅 간판이예요~ 영업시간 OPEN 10:00 ~ CLOSE 24:30 라프 하우스는 2층에 위치해 있어요~ 2층 올라가는 1층 계단 입구 모습이예요~ 옷집 옆 작은 나무 계단을 통해 위로 올라가면 되네요~ 올라가는 계단 참에는 조각상 사진들이 붙어져 있어요~ 2층에 올라가니 대기자 명단을 적고 앉아 기다릴 수 있는 의자가 있어요~ 라프하우스 2층 입구 모습이에요~ 모빌모양의 조명등이 예뻐요~ 커피숍 내부 홀 모습이에요~ 모던하면서 깔끔해요~ 창가 자리 모습이에요~ 유리창이 통창이라 시원한 뷰예요~ 아기자기한 소품들과 피규어들이 장식되어 있어요~ 안쪽 자리들~ 특이한 점은 테이블이나 의자가 다 다르다는 것이네요~ 자리를 안내 받고 메뉴를 주문하는 카운터예요~ 메뉴판을 보고 오늘 무엇을 먹을 지 찾아 보았는데 초코머랭롤라드 추천해 주시네요~ 음료는 초코 라떼, 바닐라 라떼, 아몬드 크림라떼 주문했어요~ RAFHOUSE 라프하우스의 메뉴는 미리 만들어놓지 않고 신선하고 질좋은 재료로 주문 즉시 플레이팅을 시작해요. 파블로바, 머랭롤라드 등 모든 디저트는 전문 조리사가 조리해요~ 창가 자리에서 내다본 뷰예요~ 방문한 날이 장날이라 눈으로 예쁘게 장식된 골목을 볼 수 있었네요~ 초코머랭롤라드예요~ 처음 접하는 디저트라서 기대가 되네요~ 초코가 팍팍 박혀 있고 부드러운 생크림이 부드럽고 은은하게 흘러내리고 있어요~ 맨 위에는 생딸기 두 조각이 올라가 있어요~ 같이 보세요~ 바닐라 라떼~ 보통 바닐라 향을 좋아하는 분이라면 단연코 선택하는 커피 종류이지요~ 제가 두 번째로 좋아해요~ 첫 번째는 카라멜 마키아토인데 오늘은 주문하지 않았어요~ 메뉴에 없었고 맛난 케잌이 있어서 많이 달지 않은 것이 좋아요^^ 하지만 제가 주문한 것이 아니라 동반인 지인 중 한 분이 선택한 메뉴예요~ 초코라떼~ 생각보다 많이 달지 않다고 하네요~ 마시멜로가 떠 있어서 씹는 식감이 좋아 보여요~ 제가 오늘 선택한 음료는 아몬드 크림라떼에요~ 추운날은 절대적으로 따뜻한 음료만 마시는데 새로운 맛에 도전하고 싶은 마음에 차게만 서비스 되는 것이지만 과감하게 주문했어요~ 아몬드가 잘게 올라가 있고 시나몬과 함께 길을 만들고 있네요^^ 오늘 주문한 메뉴들이 다 세팅되었어요~ 연남동 이색디저트카페 라프하우스 같이 보세요~ 이제 먹어 볼께요~ 초코머랭롤라드 케이크 부드럽고 달콤한 크림과 생딸기 녹아요~ 과자 같은 약간의 딱딱함과 함께 부드럽고 고소한 단맛이 어우러져 있어요~ 많이 달지 않아요~ 초코 덩이가 부드러운 단맛을 내고 있어요~ 한 입씩 먹다 보니 순삭~ 어디로 갔지? 너무 알뜰히 먹어서 좀 민망 :; 큰 길변에 바로 위치해 있지는 않지만 깔끔하고 세련되고 모던한 분위기의 맛있고 다양한 음료와 디저트메뉴가 있는 연남동커피숍 이색디저트카페 라프하우스 방문해 보세요~ 마포구 동교로 32길 10 02 337 7353 #라프하우스 #RAF_HOUSE #연남동맛집 #연남동카페 #연남동라프하우스 #초코머랭롤라드 #아몬드크림라떼 #연남도케이크 #연남동디저트카페 #이색디저트카페 #바닐라라떼 #초코라떼 #연남동커피숍"
연남동 라프하우스 커피 맛집 감성 카페,"라프하우스 서울 마포구 동교로 32길 10 2층 0507-1389-7353 매일 12:00-21:00 라프하우스 서울특별시 마포구 동교로32길 10 2층 라프하우스 23/1/14 오후 방문 핫플 연남동에서 놀다가 쉴겸 라프하우스에 방문했어요! 사실 라프하우스 인지 모르고 자리가 나는 카페로 헤매면서 찾다보니까 커피 맛집인 라프하우스더라구요 :) 개이득 핫플인 만큼 사람이 많아서 내부 사진은 많이 못 찍었어요ㅠㅠ (창가쪽 너무 찍고 싶었는뎁...) 라프하우스 메뉴판 저희는 4인이라 1인 1메뉴로 4개 음료시켰어용 라프커피(아메리카노) 1잔, 라프커피(라떼) 1잔, 아몬드크림라떼 2잔 라프 커피는 아메리카노or라떼를 고를 수 있더라구요! 저는 라떼로 픽, 친구는 아메리카노로 픽 라프커피(아메리카노) 6,500원 / 아몬드크림라떼 7,000원 부드럽고 달달해서 잘 들어가요ㅋㅋ 아몬드 맛이 진~하고 꼬~수해요ㅎ_ㅎ 이 아몬드라떼 계속 먹을 수 있을 것만같아!! 크림이 쫀쫀하고 기가 막힘ㅎㅅㅎ 따봉! 라프커피(라떼) 6,500원 / 아몬드크림라떼 7,000원 크림만 봐도 너모 맛있어보영.. 비엔나커피인데 오렌지향이 나는크림이였음! 크림을 퍼서 먹을 수있는 티스푼을 주시는데 크림+커피 같이 먹으면 JMT.. 이게 비엔나커피쥐!!!!! 냐미냐미 아메리카노 라프커피는 라떼보다 커피맛이 더 강해서 좋았어요! 라떼는 반대로 부드러운 맛이 좋았음ㅎㅎ 오렌지크림이랑 커피의 조화♡ 라프커피, 아몬드크림라떼 둘다 맛이 진하고 기억이 오래 남았음! 라프하우스는 크림 맛집!^ㅁ^ 감성적인 느낌이랑 힙한 분위기가 잘 표현되어서 요즘 핫플 카페로 유명한 것 같아요! *총평 : 잠깐 들어간 카페인데 한 템포 쉬어가는 카페 느낌이라 좋았어요 달달하고 상큼한 커피를 즐길면서 여유롭게 쉬다 갔네용! 크림이 너무 맛있는 집이라서 크림 들어간 메뉴는 다 먹어보고 싶어요! '내돈내산' #연남동카페 #연남동데이트 #연남동카페추천 #연남동커피 #연남동카페 #연남동데이트코스 #라프하우스 #라프라떼 #라프커피 #아몬드크림라떼 #연남동인스타감성 #홍대추천카페 #홍대라프하우스 #홍대입구역카페 #연남동라떼맛집"
연남동 파블로바 맛집 : 디저트 카페 라프하우스 리뷰,"안녕하세요~! 오늘은 파블로바 맛집, '라프하우스'를 리뷰해보려고 합니다. 친구가 추천해 준 카페인데(둘 다 처음 가봄) 너무 좋았어요ㅎㅎ 라프하우스 간판 라프하우스는 홍대입구역 3번 출구에서 나와서 골목길로 가면 됩니다. 근처에 옷가게가 있어서 '여기가 카페인가...?' 했는데 그건 아니고, 옆에 있는 계단을 올라가서 2층으로 가면 됩니다. 라프하우스 서울특별시 마포구 동교로32길 10 2층 라프하우스 2층으로 ㄱㄱ 라프하우스 도착 카페에 들어오자마자 너무 좋은 향기가 났어요. 향긋하고 달콤한 냄새가 문을 열자마자 확- 퍼졌어요. 냄새가 너무 좋아서 주문할 때 점원 분께 이게 무슨 향인지 여쭤봤습니다. 따로 디퓨저를 두신 건 아니고, 그냥 파블로바 냄새라고 하셨어요. 헨젤과 그레텔에 나오는 과자집이 이런 느낌일까요..? 향기도 통신 매체에 저장할 수 있으면 정말 좋을 텐데.. 이 느낌을 저만 알고 있자니 너무 아쉬워요ㅋㅋㅋ 귀여운 케이크 초도 판매중 파블로바 케이크는 주문 후 메뉴 완성까지 10분에서 15분 정도 소요됩니다. ※1인 1음료 ※주말, 공휴일은 노트북 사용 불가 ※만석일 경우 2시간 이상 매장 이용 불가 메뉴판 저는 딸기파블로바 1단(11000원), 라프커피(오렌지 비엔나) 2잔(6500원*2)을 주문했어요. 라프커피는 주문할 때 라떼 베이스/아메리카노 베이스 중 하나를 선택할 수 있습니다. 저는 라떼 베이스, 친구는 아메리카노 베이스를 주문했어요. 파블로바 베이스 파블로바를 주문할 때 베이스를 선택할 수 있습니다. 하드픽(hard peak) 머랭베이스는 겉면이 조금 더 두껍고 속은 쫀득한 머랭 베이스고, 소프트픽(soft peak) 머랭베이스는 겉이 살짝 바삭하고 마쉬멜로우같은 식감의 머랭 베이스입니다. 뭘 고를지 몰라서 고민하고 있었는데, 점원분께 여쭤보니까 하드픽을 추천해주셔서 하드픽 베이스로 주문했습니다. 요즘 힙한 카페 특)휴지 위에 돌 올려놓음 카페 내부 창가 자리 추천합니다 한쪽 벽이 통유리로 되어있어서 햇빛이 잘 들어옵니다.(이날 미세먼지 때문에 날이 조금 흐렸음) 모던한 인테리어 전체적으로 카페 인테리어가 화이트 톤이라 깔끔하고 깨끗한 느낌이 들었어요.(실제로 깨끗했음!! 화장실까지 깨끗함) 되게 힙하다 그리고 중간중간 귀여운 인테리어 소품들이 배치되어 있어서 분위기가 너무 좋았습니다. 예쁜 조명들 구석구석 거울이 배치되어 있다 카페를 구경하다보니 금방 커피가 나왔어요. 사진 출처: 금손 친구 좌) 아메리카노 베이스 우) 라떼 베이스 향긋한 오렌지 향이 나는 아인슈페너! 제가 아인슈페너를 좋아해서 종종 마셨었는데 여기 커피도 정말 맛있었어요~ 별로 쓰지 않고 커피랑 크림이 잘 어울려요. 커피에서 이렇게 상큼한 맛이 나다니.. 너무 신기해요ㅎㅎ 라프커피.. 최고야!!! 곧이어 딸기 파블로바도 나왔어요! photograph by 금손 친구 플레이팅 최고.. 비주얼 끝판왕... 너무 예뻐서 먹기 아까워요 딸기, 라즈베리, 바나나, 블루베리 등 제철과일이 듬뿍 있었어요. 파블로바 위에 있는 크림은 마스카포네 크림입니다. 자르기 아깝지만 반 잘라서 나눠먹었어요 사실 저는 파블로바를 이날 처음 먹어봤습니다. 세상에.. 이렇게 맛있는 디저트가 있다니...(먹보 인생 헛살음) 파블로바 겉모습만 보고 팬케이크 비슷한 디저트인줄 알았는데 전혀 아니더라고요. 머랭쿠키 먹는 것처럼 겉은 바삭합니다.(당연함. 머랭 베이스임.) 근데 속은 쫀쫀해요..!!! 너무 맛있어요. 새콤달콤한 과일과 머랭을 같이 먹으니.. 여기가 천국..? 진짜 맛있는데 너무 달거나 느끼하지 않아요. 제가 디저트를 그렇게 좋아하는 편이 아닌데(디저트보다 음료 선호) 여기 파블로바는 진짜 제 인생 디저트였습니다.. 블로그장 선정 2022년 최고의 디저트 카페.. 라프하우스.. 라프커피도 진짜 맛있는데 파블로바가 압도적으로 너무 맛있어요. 평소에 베이킹을 즐겨하는 제 친구도 커피랑 파블로바 너무 맛있다고 했습니다.(사진을 잘 찍는데 베이킹도 잘 함 ㄹㅇ 금손 친구) 파블로바 단면 부모님 모시고 가서 먹고 싶을 정도로 맛있는 디저트였습니다. 재방문의사 99999999% 점원 분도 친절하시고, 카페 인테리어랑 분위기도 좋은데, 커피랑 디저트도 맛있어.. 너무 완벽한 카페... 친구돈친구산 리뷰인데 파블로바를 소개해준 친구에게 다음에 더 맛있는 음식을 사줘야겠습니다. #라프하우스 #연남동카페 #파블로바 #연남동카페추천 #연남동데이트 #연남동디저트카페 #라프커피 #아인슈페너 #딸기파블로바 #내돈내산 #홍대카페 #홍대디저트 #연남동디저트 #오렌지비엔나 #파블로바맛집 #디저트맛집 #아인슈페너맛집 #겉바속쫀 #머랭디저트"
[연남 카페] 연남동 디저트 카페 라프하우스,"카페를 찾다 찾다가 디저트 맛집으로 가고 싶었는데 온리 파블로바케이크 사진만 보고 온 라프하우스 라프하우스는 2층에 있어요 ! 라프하우스 영업시간 open 10:00 close 24:30 마감 시간 무엇... 💗 2층 올라가는 길에도 파블로바 케이크 우리가 갔을 때는 딸기철이라서 딸기 파블로바 케이크 🍓 존중에 의한 공존 라프하우스 의미가 굉장히 딥한 곳이었네...? 뭐 아무튼 라프하우스 메뉴판 옆에는 귀여운 케이크 초들 메뉴판 잘 안보이니까 네이버 라프하우스에서 ' 퍼가요~♡ ' 라프커피 (오렌지비엔나) 6.5 아메리카노 5.0 딸기파블로바 11.0 말렌카 케이크 7.0 라프하우스는 포토존도 옙뻐요 여기 우리가 앉은 테이블 바로 앞에 있었던 예쁜 거울 우리 테이블 바로 옆 거울들 뇨자들이 지나칠 수 없는 미러존 음료가 나왔는데 역시 우리 다양하고 시그니처 라프커피 (오렌비 비엔나), 아몬드크림라떼 석류펜지에이드, 아마도 한라봉에이드 두구두구 그리고 멋드러진 딸기 파블로바 ! 쟁반 들기 좀 어려워요... 그리고 무슨 디저트 오마카세처럼 아니 호텔처럼 디피가 진짜 예쁨... ! 근데 엄청 달아요 진짜 엄청나게 존맛탱은 아니었지만 처음 먹어본 파블로바여서 오 이런거구나? 하고 달달구리 디저트! 냠냠 쩝쩝 했습니당 인증사진 찍을 준비하는 옝을 방해하는 언니 둘 그리고 이 때까진 석류 펜지의 위험함을 알지 못했다 펜지에이드에 저거 넣으면 색이 변하고 뭐시기 그래서 인스타용으로 하시겠다고 하다가... 쩝.. 흘렸구요 그리고 튀겼는데요.. 제 옷에 튀겼드라구여 대체 누구야 (나 자신은 아님) 라프하우스 2층 딱 들어오자마자 테이블들 하얀ㄴ색 눈에 확들어오고 전체적으로 밝아서 사진이 잘 나오는 예쁜 곳이라 좋다..(여자들이 좋아해) 그래도 꽤 에쁘고 거울이 많아서 포토존으로 딱이었습니당 라프하우스 서울특별시 마포구 동교로32길 10 2층 라프하우스"
홍대 RAFHOUSE 라프하우스 / 연남동 핫플 카페,"연남동을 돌아다니다가 카페가 가고싶었는데, 친구가 마침 좋은곳을 데려가줘서 열심히 따라갔는데요! 핫플인 카페더라구요 :) 라프하우스 서울특별시 마포구 동교로32길 10 2층 라프하우스 라프하우스 영업시간 매일 12:00~21:00 라프하우스는 2층에 위치해있었어요! 올라가는 벽면에는 이런 예쁜 포스터도 붙어져있더라구요 :) 라프하우스 도착! 얼른 들어가볼게요~ #라프하우스메뉴판 메뉴판을 열심히 살펴보았는데요! 이날 이미 커피를 마셨어서 시그니처 메뉴가 먹고싶어서 유심히 봤는데요! 아몬드크림라떼 - 5.0 석류펜지에이드 - 6.5 이렇게 주문을 했답니다 라프하우스는 주말,공휴일에는 웨이팅이 있는편이라 노트북 사용은 안된다고 하시더라구요! 저희가 방문했던날은 금요일 저녁시간대였는데 자리가 꽤 여유로웠어요! 귀여운 초들도 판매하시더라구요! 인테리어 가구들도 너무 제스타일이더라구요 자리마다 의자와 테이블이 달랐는데 다 예뻤어요!❤️ 주문한 아몬드크림라떼 - 5.0 석류펜지에이드 - 6.5 나왔습니다 :) 석류펜지에이드는 시럽을 따로 부어서 먹을수 있게 따로 주시더라구요 펜지시럽을 부으니 색감이 너무 예뻐졌죠ㅠㅠ 색깔 보자마자 반해버렸어요💜❤️ 셀카도 찰칵! 열심히 떠들고 사진찍고 왔답니다 :) 라프하우스는 안에 화장실도 구비되어있어 더욱 좋더라구요~ 주말에는 웨이팅이 있을 수 있어 여유롭게 평일에 가는것도 좋을거같아요!~ 야밍(@yamyam__222) • Instagram 사진 및 동영상 팔로워 693명, 팔로잉 605명, 게시물 226개 - 야밍(@yamyam__222)님의 Instagram 사진 및 동영상 보기 www.instagram.com"
홍대/연남동 카페거리 디저트맛집 라프하우스 두번째방문 후기 :-),"라프하우스 디저트맛집 인정! 누리 안녕하세요 ! 저는 휴무때마다 #카페투어 나 #신상카페 & #디저트카페 투어하는걸 좋아하는편인데요! 그 중에 제가 제일 좋아하는 디저트중에 하나인 #파블로바 카페가는걸 엄청좋아해요>__< 하지만 이 디저트가 만들기 까다로워서인지... 이 디저트를 파는 카페가 별로 없어요ㅠㅠ... 1년전에 #라프하우스 가서 #파블로바 #디저트 를 맛있게 먹었던 기억이 있어 #재방문 했답니다! #라프하우스 내부는 깔끔 모던 시크한편이에요! 홍대스럽다? ㅎㅎ 너무 난잡하지않아서 더 좋은것같아요! 그나저나 #파블로바 가격이 이렇게나 사악했다니.. 다른카페들보단 1.5배는 비싼 듯하네요...!! 그렇지만 이걸 먹길 위해 왔으니.... 시켜야지 우째 ㅠ0ㅠ 요즘엔 밥값보다 카페비용이 더 많이나오는 현실...시롸..? 그래도 내가 조와하는 #파블로바 먹으러왔으니 >__< 기분좋게 주문하고 기다리는중입니다요~~ 주문한 음료와 파블로바...! 이게 무려 19,000원 짜리의 파블로바..! 보통 이정도기준으론 12,000~15,000원이던데.. 진짜 비싸다ㅠ..ㅠ 1년전그때보다 뭔가...음.. 맛이 없어진느낌..? 쫀득한 느낌이없고 푸석 그 잡채 였어여... 포도도 사진상으론 커보이지만.. 엄청작은걸 얇게 슬라이싱 떠서 데코하셨는데... 음..? 이 가격이 맞나 싶을 정도... 많이 아쉽지만... 그래도 맛있게 먹고 나왔습니다! 나오기전에 입구쪽에 이런게 있길래 한 컷 ! 7년차인 우리 커플에겐 이제 이런건시시하지만.. 그래도 하고싶자놔 ㅎㅎㅎㅎ 분위기와 음료는 맛있는 라프하우스! 하지만 파블로바는... 가격에 비해 비추..! 과일을 아끼지않던가 생크림양을 늘리던가... 뭐라도 늘려야 만족감이 올라갈듯한 비쥬얼이었습니다. 생크림도 너무 조금밖에 없어서 정말정말..... 맛에 실망했어요 ㅠ_ㅠ 다음에도 맛있는 파블로바 디저트맛집으로 포스팅 가져올게요! 라프하우스 서울특별시 마포구 동교로32길 10 2층 라프하우스"
연남동 디저트 카페 라프하우스카페,"안녕하세요! #YEONEEBLOG 여니입니다.^^ 오늘은 제가 제 짝꿍과 밤데이트로 다녀온 연남동의 분위기 좋은, 연남동 디저트 카페 라프하우스 카페를 소개해드리고자 합니다 :) 요즘 슬슬 풀려가는 낮 기온에 바람불지 않으면 너무너무 좋은 시원한 날씨이기도 한데요, 라프하우스는 검정색 간판에 영어로 'RAF HOUSE' 라고 적힌 문구를 확인하신 후 계단을 통해 2층으로 올라가시면 됩니다. 라프하우스 주소 : 서울 마포구 동교로32길 10 2층 라프하우스 (경의중앙, 홍대입구역 3번 출구에서 332m) 영업시간 : 매일 12:00 - 21:00 전화번호 : 0507-1389-7353 무선 인터넷, 국민지원금 연남동 홍반장순대국 맞은편 골목으로 들어오시면 반짝거리는 건물 2층에 위치하여있습니다. 주차는 불가능합니다.ㅜㅠ 연남동 디저트 카페 라프하우스카페는 메뉴는 미리 만들어놓지 않고 주문 받는 즉시 플레이팅을 시작한다고 합니다 :) 신선하고 질좋은 재료로 주문 즉시 만든다고 하니, 최고의 디저트와 음료를 먹기 위해서는 10~15분 정도 기다릴 수 있어요!! 파블로바 케이크와 머랭롤라드는 라프하우스의 시그니쳐 메뉴에요. 저는 오늘 라프하우스카페의 신메뉴인 '다쿠와즈' 새로운 맛을 먹어보러 왔어요! 올라오면서 라프 'RAF'의 뜻도 궁금했었는데요, RESPECT + ADMIRE + FAITH 라는 뜻의 조합을 가지고 있었어요. 디자인으로 좋은 느낌있는 라프하우스카페의 스티커들도 함께 비치되어 있네요 ㅎㅎ 액자와 조명, 다양한 소품들도 힙하고 멋진 느낌이에요ㅎㅎ 손님들이 많아서 살짝 급하게 찍느라 생긴 빛번짐은 애교😌 느낌있는 사진을 찍으러 오시면 너무 좋을 것 같아요! 이렇게 창 밖이 보이는 자리도 운치 있고 좋습니다.^^ 다양한 액자들과 간단한 레터링만으로도 예쁜 인테리어가 가능하네요 ㅎㅎ 저희는 연남동 디저트 카페 라프하우스카페의 신메뉴 뿐만 아니라 시그니쳐 메뉴들을 먹어보기로하였는데요, 색깔들이 알록달록 너무 예쁘네요 ㅎㅎ 두둥 등장 - ! 저희가 주문한 연남동 디저트 라프하우스카페의 디저트메뉴, 다쿠와즈에요. 맛은 흑임자 맛과 황치즈 맛으로 두가지가 있었는데, 오늘은 새로운 맛으로 도전합니다.ㅎㅎ (3,800원) 연남동 디저트 라프하우스카페의 체리초코라떼에요. 체리색감이 초콜릿 색깔과 너무 잘 어울려요! (6,500원) 이렇게 슝슝 섞고 나면 초코우유 같은 색깔이 됩니다.ㅎㅎ 이건 커피 매니아인 제가 주문한 연남동 디저트 라프하우스카페의 라프커피에요. 아메리카노 위에 수제오렌지크림이 올라가는 라프하우스의 시그니처 커피에요. (6,500원) 한 입 살짝 마셔보면 달달한 크림과 함께 오렌지 향과 맛이 감돌면서 밑에 커피가 쏘옥 - 입에 들어온답니다. 비엔나커피와 비슷하지만, 라프하우스카페에서는 전체적으로 깔끔하고 오렌지향이 함께 느껴져서 상큼한 맛이었어요. 다쿠와즈 안에 달달한 베리향이 느껴졌는데, 씹히는 과일도 가득가득합니다! 겉은 바삭하면서 입 안에 닿으면 살살 녹는 느낌의 부드러운 맛이었습니다.ㅎㅎ 달콤한 베리향과 맛 때문에 계속 계속 손이가네요 ㅎㅎ 제 짝꿍이랑 하나 시켜서 사이좋게 나눠먹으니 딱이었어요. 또 식후에 디저트로 먹었는데 심하게 달지도 않고 적당한 단맛이 좋았습니다. 라프하우스(@rafhouse_seoul) • Instagram 사진 및 동영상 팔로워 803명, 팔로잉 3명, 게시물 85개 - 라프하우스(@rafhouse_seoul)님의 Instagram 사진 및 동영상 보기 www.instagram.com 연남동 디저트 카페 라프하우스의 다른 소식이 궁금하시다면 위의 링크를 참고해주세요.^^ 힙하고 데이트장소로도 아주 딱인 분위기 좋은 연남동 디저트 카페 '라프하우스카페' 추천합니다 :) + 그리고 저의 티엠아이... 제 생일 선물로 갤럭시 S22로 바꾼 날^^!! 사진과 영상이 2만5천 장이 넘어서 그런지 앱과 안에 들어있는 모든 것들을 옮기느라 8시간은 족히 걸린거 같다고 한다...^^ 바꿀 생각 딱히 없었는데 갑자기 바꾸는데도 손 잡고 쫄래쫄래 같이 폰바꾸러 가준 우리 새신랑 고마워용>_< ♥"
"연남동 디저트가 맛있는 ""라프하우스""","라프하우스 연남동 카페, 디저트 연남동에는 맛있는 곳도 예쁜 곳도 정말 참 많은것 같아요! 라프하우스는 맛있으면서고 카페 인테리어도 너무 예쁜 곳이더라구요 라프하우스 서울특별시 마포구 동교로32길 10 2층 라프하우스 라프하우스는 홍대입구역 3번출구에서 약 330m 거리에 위치해 있어요 ! 반짝 거리는 건물 2층에 있으니 방문하실 분들은 참고해주세요 ~ 연남동 라프하우스는 간판이 크게 있는 것이 아닌데요 골목을 들어오자마자 예쁜 건물 2층에 있으니 2층을 보고 걸어오세요 ㅋㅋ 연남동 라프하우스는 수제 디저트와 아인슈페너가 유명한 곳으로 카페이지만 대기자 명단이 정말 많았어요....! 연남동과 홍대에 수많은 카페가 있지만 라프하우스처럼 대기자가 많은 카페는 정말 드문것 같아요 ! 라프하우스는 2층에 위치해 있고 단일 층으로 구성되어 있으며 테이블 8개가 있는 아기자기한 카페입니다! 매장이 크지는 않지만 깔끔하게 정리가 되어 있었고 청소도 깨끗해서 너무 좋았어요 ! 연남동 라프하우스는 매장 내부 인테리어가 정말 좋았어요 ! 아기자기한 소품도 많았고 미술작품이 걸려 있는 것은 물론 감각적인 인테리어 소품들이 많아 사진 찍기에도 너무 좋고 데이트 하기에도 너무 좋은 카페 일 것 같아요 ㅎㅎ 연남동 라프하우스는 2층에 위치해있어 연남동 골목이 보이는 것 또한 너무 좋더라구요 ~ 지나가는 댕댕이도 보고 어디 웨이팅이 많나 볼 수 있는게 좋더라구요 ~ 연남동 라프하우스는 전문 조리사분이 직접 수제 디저트를 주문 즉시 만들기 시작하여 신선한 디저트를 맛 볼수 있는 곳으로 파블로바 케이크는 주문 후 10~15분 정도 시간이 걸린다고 해요 ! 주문 즉시 디저트를 만들기 시작하니 신선한 디저트와 커피를 같이 마실수 있다니.. 웨이팅이 긴 이유가 있었네요 ㅎㅎ 연남동 라프하우스는 체코식 디저트로 유명한 말렌카 케이크와 주문 후 즉시 만들기 시작하는 딸기 파블로바 디저트를 비롯하여 신선한 디저트 메뉴는 물론 아인슈페너인 라프커피, 아몬드 크림라떼 등 너무 맛있는 메뉴들이 많이 준비되어 있었습니다 ㅎㅎ 말렌카 케이크(초코) - 7,000원 체코식 디저트로 유명한 말렌카 케이크에요 ! 말렌카케이크는 평소에도 너무 먹어보고 싶었 메뉴였는데 손이 많이 가는 말렌카 케이크를 취급하는 카페가 많이 없어서 라프하우스는 거의 말렌카 케이크를 먹으러 갔다고 해도 과언이 아닐정도로 너무 먹어 보고 싶었던 메뉴에요 ㅠㅠ 연남동 라프하우스의 말렌카케이크.... 너무 예쁘고 맛있게 나오더라구요 사진 제가 찍었지만 참 잘찍었네요 꺄르르르 체코식 정통 디저트 말렌카 케이크는 부드러운 빵과 그 사이사이에 크림이 층층이 발라져있어 부드러움과 촉촉함 그리고 쫀득함과 달달함을 모두 맛 볼수 있는 디저트였어요 정말 너무 맛있었던 라프하우스의 말렌카케이크 아몬드 크림라떼 - 7,000 아몬드 향이 진하게 났던 아몬드 크림라떼 ! 아인슈페너와 비슷한 메뉴라고 생각하면 될 것 같지만 ! 아인슈페너보다 더 고소하고 크림이 더 쫀득해서 기본에 마시던 아인슈페너보다 맛이 더 좋아서 재방문해도 또 주문할 것 같은 라프하우스의 아몬드 크림라떼 ! 크림이 너무 쫀득해서 포크로도 뜰 수 있을 정도였어요 ! 하나의 팁을 드리자면 말렌카케이크를 조금 잘라서 크림에 살짝 찍어 먹으면 진짜 천상의 맛입니다. 라프커피 - 6,500원 아메리카노 위에 오렌지향의 크림이 올라간 비엔나 커피 입니다! 비엔나 커피를 오스트리아 빈에서는 아인슈페너라고 부른 것 입니다 ㅎㅎ 즉 비엔나 커피 = 아인슈페너 위에 올라간 크림은 스푼으로 저어서 마셔도 되지만 풍미가 깊고 맛있는 크림을 따로따로 드셔도 상관은 없습니다 ㅋㅋ 연남동 라프하우스는 화장실은 공용이지만 안에서 문을 확실한 잠금장치가 있었고 화징실도 깨끗해서 사용하기 너무 좋았어요 ! 연남동 디저트, 커피 맛집 라프하우스 인테리어는 기본이고 전문가가 만드는 수제 디저트와 맛있는 비엔나 커피를 맛 볼수 있는 연남동의 라프하우스 그 중에서 터키의 정통 디저트 말렌카 케이크와 아몬드 크림라떼는 정말 강력하게 추천드립니다 !!!ㅎㅎ #연남동맛집 #연남동카페 #연남동카페추천 #라프하우스 #연남동라프하우스 #말렌카케이크 #터키케이크 #아몬드크림라떼 #연남동케이크 #연남동디저트추천 #연남동디저트카페 #터키정통디저트 #터키정통디저트말렌카"
"연남동 점심 ""카쿠시타"" & 디저트 ""라프하우스""","와... 주말 연남동은 처음 가봤는데 골목도 너무 복잡하고 사람도 어찌나 많은짘ㅋㅋㅋㅋㅋㅋㅋㅋㅋ 서울 사람 다 온 줄... 오늘따라 블로그 쓰기가 초큼 귀찮네....? 카쿠시타 서울특별시 마포구 동교로38길 33-15 연어 덮밥 14,000원 연남카츠 13,000원 명란크림우동 14,000원 세개 다 무난무난하게 맛있었다 근데 연남카츠가 독특! 수비드한 돈까스라는게 상상이 안갔는데 한입 먹어보자 마자 바로 이해했당 ㅋㅋㅋㅋ 그리고 위에는 소스인데 첨에 무슨 계란후라이 인줄ㅋㅋㅋㅋㅋ 라프하우스 서울특별시 마포구 동교로32길 10 2층 라프하우스 라프 커피 (오렌지 비엔나) 6,500원 와 이거 진짜 쪼그만대 비율이 예술이다 오렌지 비엔나를 종종 시켜먹는데 요기가 제일 조합이 좋다고 해야하나? 과하지 않고 이상하지 않은 맛있는 오렌지 커피 오랜만이야 ㅋㅋㅋㅋㅋ 1단 무화과 파블로바 11,000원 파블로바 파는 곳이 많지 않은데 연남동에 있길래 방문 호주식 디저트이고 머랭쿠키로 만든 디저트 웨이팅이 있어서 2시간 만에 칼같이 일어나게 됐다 흑흑 #연남동 #라프하우스 #카쿠시타"
[연남동 카페] 제철과일이 올라가는 파블로바 케이크 맛집 ‘라프하우스’,"라프하우스 연남동 카페 저 디저트 원래 별로 안좋아하는데요❔ 약간 유일하게 좋아하는게 파블로바‼️ 친구도 파블로바라면 환장해서 생일기념 케이크로 알아보다가 발견한 라프하우스❕ 2층에 위치한 라프하우스❕ 보니까 인기많은 곳이였나봐용 ㅋㅋㅋㅋㅋ 대기자명단도 있어서 깜놀 ❕ 주문메뉴 무화과파블로바 2단 ₩16,000 석류팬지에이드 ₩6,500 오미자 하이볼 ₩8,000 메뉴 사진 무엇…ㅋㅋㅋㅋ초점이 하나도 안 맞았네욥 몰랐는데 친구가 말해준 메뉴판이 맥이였닼ㅋㅋㅋㅋ 파블로바케이크는 주문 즉시 조리되어서 10-15분 정도 소요된데용‼️ 모든 디저트는 전문 조리사가 조리한데용❕ 완전 기대됨 >.< 1인 1음료 주문해야하고 만석일 경우에는 이용시간 2시간 주말, 공휴일은 노트북사용을 금한데용 좀 빡시네유 ㅋㅋㅋㅋㅋ 카운터 옆에 귀여운 초들도 판매중‼️ 안그래도 딱 필요했는데 한개 구매했어용 라이터도 빌려주심❕ 매장은 완전 깔끔하고 감각적인 인테리어예용❕ 저 파블로바 포스터도 너무 귀엽 석류팬지에이드 ₩6,500 너무 이쁜 석류팬지에이드❕ 팬지시럽은 따로 나와서 에이드에 뿌려 먹으면되용❕ 팬지시럽까지 뿌리니 색감도 너무 이쁘네용 상큼한 에이드‼️ 오미자 하이볼 ₩8,000 오미자청이 들어가서 색감도 너무 이쁜 하이볼‼️ 하이볼에 오미자 타니까 상큼하고 괜찮더라구용 집에서 하이볼 만들때 오미자청 넣어서 먹으면 될꺼같아용 무화과 파블로바 2단 ₩16,000 우와 미쳐떠요 비주얼봐요‼️ 너무너무 이쁜 파블로바 케이크♥️ 제철과일로 데코레이션 되어있어서 너무 이쁘고 막 찍어도 사진이 너무 잘 나와요❕ 귀요미 고양이초까지 꽂아서 진짜 생일케이크로 변신‼️ 짜르기 아까운 파블로바를 댕강 반으로 ㅋㅋㅋㅋ 파블로바 사이에는 생크림이 들어있어용 생크림이 완전 달지도 않고 너무 맛있는 맛‼️ 과일이랑 같이 먹으니까 달콤상콤 ‼️ 계속 들어가는 맛 저는 파블로바 테두리 바삭한 부분만 짤라 먹었네용 ㅋㅋㅋ 파블로바케이크 먹으러 찾아 갈 정도❕ 한번 드셔보세유 라프하우스 서울특별시 마포구 동교로32길 10 2층 라프하우스 #내돈내산 #서이추 #서이추환영"
"서울 홍대 연남동 디저트 맛집 ： 라프하우스 / 파블로바+말렌카케이크 추천 / 힙한감성카페 /메뉴, 위치, 주차","#서울연남동디저트카페추천 #서울연남동감성카페추천 #라프하우스 안녕하세요 영이에여:D 봄띠에서 1차 식사 후~ 2차로 넘어간 카페!!! 마침 비가 와서 봄띠 근처 카페 서칭하다 급히 찾다 들어간 곳인대 디저트 맛집으로 아주 강추하는 <라프하우스> 라프하우스 위치, 영업시간, 주차 라프하우스 서울특별시 마포구 동교로32길 10 2층 라프하우스 라프하우스 영업시간 12:00 ~ 21:00 주차 불가능 라프하우스(@rafhouse_seoul) • Instagram 사진 및 동영상 팔로워 920명, 팔로잉 3명, 게시물 123개 - 라프하우스(@rafhouse_seoul)님의 Instagram 사진 및 동영상 보기 www.instagram.com 라프하우스 : 2층! 라프하우스는 홍대입구역 3번출구에서 도보 5분거리에 위치해 있음! 비오는지라 외관을 못찍었는대 2층에 위치!!! 올라가면서도 느껴지는 유니크 + 힙함~ 라프하우스 : 실내 마냥 넓지는 않지만 소소하게 친구들과 얘기 나누기엔 딱 좋은곳bb 요즘 스타일의 분위기라 감성도 좋고~ 적당히 아늑한 느낌이라 편하게 마시며 수다 떨다옴 ㅎㅎ 대신 간격이 좁기 때문에 시끄러울 수 도 있다는 점~? 곳곳에 소품들을 잘 배치해둬서 사진찍기에도 넘 좋음:) 한참 인테리어에 관심 많다보니 탐나는 제품들이 꽤나 눈에 보였음 ㅎ.ㅎ 라프하우스 : 메뉴 라프하우스는 일명 디저트 맛집 특히 파블로바 + 말렌카케이크를 팔고 있음!!!! 말렌카케이크 정말 좋아하는대 라프하우스에서 볼 줄이야~ >< 싶어서 강추해서 바로 주문때림! 실시간으로 구워지는 파블로바도 볼 수 있음:) 주문 List 아이스파블로바_16,000 말렌카케이크_7,000 아메리카노_5,000 * 5 초코라떼_6,000 총 54,000원 디저트는 아이스파블로바 & 말렌카케이크 주문 나머지는 역시 식사 후엔 아아라고~ 아아외 초코라떼 1잔 주문 ㅎ 말렌카 케이크는 체크 전통 꿀케이크로 시트사이사이에 꿀이 들어가 있어 쫀득한 식감이 포인트 맛은 초코, 월넛 중 택하면 됨~ 바닐라아이스크림 + 구슬아이스크림 조합으로 그래놀라와 로투스 + 패션후르츠 유기농 올리브오일이 가미된 아이스파블로바 패션후르츠 오일을 산뜻하게 뿌려 먹기 좋게 반으로 갈라주면~ 속안에서 구슬아이스크림이 와르르 쏟아짐♥ 구슬아이스크림과의 조합은 언제나 맛도리~b 후기 : 식당 근처에 있는 카페라 호다닥 뛰어 들어갔는대 분위기도 너무 좋고~ 무엇보다 디저트가 너무 맛있어서 한번쯤 들려봐도 좋을 듯 했음:) 특히 말렌카케이크 찐 강추!!! 다들 말렌카 너무 맛있다고 극찬함 ㅎㅎ 쫀득한 식감이 아주 맛도리~"
"연남동 카페, 예쁜 디저트가 있는 홍대 라프하우스","#내돈내산방문후기 라프하우스 라프하우스 서울특별시 마포구 동교로32길 10 2층 라프하우스 * 홍대입구역 3번출구 도보 5분 위치 연남동 돌아다니다 갔던 카페 라프하우스! 자세히보니 여기 친구가 알려줘서 몇번 왔던 카페였는데 새롭게 바뀌어있었다.... 에그콘샌드위치 존맛인 곳이었는데😭 포스터로 곳곳에 멋있게 장식해놓음. 연남 카페 라프하우스는 건물 2층에 있다. 연남 카페 라프하우스 디저트 메뉴. 음료메뉴 못 찍음ㅠ 머랭으로 만든 생소하지만 예쁜 디저트들이 있었다. 이날은 친구들과 모임 돈으로 온 거기 땜시 디저트도 팍팍 주문...! 근데 디저트 메뉴 설명만 보고 주문 했다가 가격보고 식겁😱😱😱 연남 카페 라프하우스 내부 모습. 앉을 자리도 많이 있었다. 전체적으로 통일되지 않은 듯한 느낌의 소품들이 있었는데, 오히려 이 부분이 포인트가 되어 깔끔하면서도 톡톡튀는 느낌이 들었다. 2-3인 앉을 수 있는 자리가 많고 우리5명이 앉을 수 있는 자리도 있었다. 아메리카노 1잔 5,000원 아메리카노 한잔씩! 아직은 낮에 덥다보니 시원한 아아메가 좋다 머랭롤라드 7,000원 머랭으로 만든 롤케이크인 머랭롤라드. 처음 먹어보는 맛인데 약간 빵을 적신 느낌? 젖은 빵에 신선한 과일을 올려 먹는 느낌! 맛 없단게 아니고 식감이 젖은 빵 느낌이라 친구들은 별로라고 했다. 난 달달하고 맛있었움 좀 더 확대하여 찍은 머랭롤라드 나폴레옹 페스츄리 5,500원 우리가 아는 페스츄리인데 좀 더 바삭하며 고급진 느낌이 나는 맛! 파블로바 케이크 12,000원 머랭케이크인 피블로바. 첨 먹어봄. 첨에 수플레인 줄 알고 시키려했는데 친구가 그런 느낌 아니라고 알랴줌. 내 개인적인 맛 표현으로는 겉은 머랭쿠키인데 안은 살짝 부드러운 느낌? 수플레 느낌 보다는 머랭쿠키 느낌이 더 강함! 그나저나 데코레이션 멋있구만...! 친구들과 함께 방문하여 수다떨기 좋았고 생소한 머랭 관련 디저트도 맛 볼 수 있었던 곳~!"
라프하우스::연남동 예쁜 디저트 카페,"친구들과 오랜만에 홍대에 갔다. 카페에 가려는데 좌석이 다 차있었다. 넷이서 오랜시간동안 홍대카페를 찾아 헤맸다. 가는곳마다 네명이 앉을수 있는 자리가 없었다. 담부터는 주말엔 홍대에서 만나지 않기로… 열군데 넘게 돌아다니다가 다행히 한 테이블이 남아있던 카페 라프하우스에 들어갔다. 카페는 2층에 위치해있었고 벽면에 포스터가 잔뜩 붙여져있었다. 매장 내부 아기자기한 소품이 많았다. 말렌카초코롤(6,000원) 밀크티(7,000원) 라프커피(6,500원) 2잔 청귤에이드(6,500원) 이렇게 주문함. 음료와 디저트가 나왔다. 딸기파블로바 비쥬얼이 놀랍도록 예뻤다. 잘라 먹어야하는데 너무 예뻐서 쉽게 자르지 못했다. 최대한 조심조심 잘라서 한입 먹어보았다. 겉과 속이 촉촉할 줄 알았는데 바삭한 식감이었다. 약간 달았고 내 입맛은 아니었다. 말렌카 초코롤도 비쥬얼은 최곤데 맛은 쏘쏘. 친구가 주문한 라프커피. 라프커피는 라떼가 아주 진하고 크림은 진짜 달고 꾸덕꾸덕했다고 함. 진한 베이스의 라떼와 크림의 조합이 잘어울렸다고함. 밀크티도 귀엽게 병에 담겨져 나옴. 인스타감성⭐️ 청귤에이드는 청이 많이 들어가서 청귤의 깊은 맛을 느낄 수 있었다. 시원하고 괜찮았음. 총평 음료맛은 대체적으로 무난하니 괜찮았고 디저트는 예쁘긴 한데 맛은 잘 모르겠다. 깨끗한 화장실이 카페 내부에 있어서 편리했다. 라프하우스 서울특별시 마포구 동교로32길 10 2층 라프하우스"
연남동 애견동반카페:) 라프하우스,솜이랑 연남동에 위치하고 있는 라프하우스 애견동반 카페에 다녀왔어요. 서울 마포구 동교로32길 10 2층 라프하우스 매일 12:00 - 21:00 네이버에는 애견동반이 안 써져 있어 전화해보니 애견동반 가능하다고 하셨습니다. 연남동 지나가는길에 찍어봤는데 솜이는 옆태만 보여주고있네요 ㅋ.ㅋ 라프하우스는 2층에 있어요 애견동반카페에 애견동반시에는 가방은 필수죠! 연남동 애견동반 카페 라프하우스 실내 인테리어는 아주 힙했어요 갬성 느낌이 풀풀~ 화이트 블랙 인테리어네요! 어머낫 카페 분위기에 맞게 솜이는 블랙 드레스를 입고 갔어요 ㅋㅋㅋ 일부러 맞춰 간건 아니지만 어쩌다보니 이렇게 되었네요 너무 귀엽다구요 >< 주문한 음료와 디져트가 나왔어요 ✌🏻 먹고 싶은 이분 ㅋㅋㅋㅋ 저는 사실 솜이 사진 찍고 하느라 디저트를 못 먹었어요 ㅋㅋㅋㅋㅋ 어느순간 먹으려고 하니 디저트 순삭 ^^ 그나마 친구가 먹여준 한입은 먹었어요 또미는 또미 간식으로 냠냠 연남동은 정말 애견동반인 카페가 참 많은것 같아요~ 너무너무 좋다눙요 >< 솜이랑 동반한 카페 라프하우스 후기였습니다~ 라프하우스 서울특별시 마포구 동교로32길 10 2층 라프하우스
"연남동 | 연남동 파블로바 맛집, 라프하우스 (Rafhouse)","록이 서울살이 시절 부산에 있는 은이가 가보라고 링크를 보내줬었던 곳, 라프하우스 🔥 서울 사는 나보다 부산에 있는 은이가 주변 맛집이나 카페를 더 잘 알고 있는 느낌적인 느낌 ,,^^,, 그녀의 검색실력은 어디까지인가 록이가 퇴근이 늦어져서 카페에 가기엔 굉장히 애매한 오후 8시 40분 ,, 영업제한으로 10시까지만 체류가 가능한 상황이라 고민하다가 그냥 가기로 했다 굉장히 어두움 ,, 불이 켜지긴 하는데 초고속으로 꺼지니 올라갈 때 조심하데요 ,, 갱장히 힙하고 세련된 느낌 💡 RAF = Respect + Admire + Faith 존중에 의한 공존 뭐야 .. 사장님 가치관 제대로 들어간 가게 이름 너무 멋있잖아 🤓 저기 모니터에 보이는 게 라프하우스 메뉴판 착한 사람들한테는 보일거에오 ,, 🤓 이 곳은 메뉴를 미리 만들어 놓지 않아서 주문과 동시에 플레이팅을 시작한다고 한다. 파블로바는 주문하면 10-15분 정도 소요된다고 함 록이는 초코라떼, 나는 석류펜지에이드 그리고 저녁을 둘 다 못 먹어서 ^_^ !! 디저트는 두개 고르기로 했다 황치즈 다쿠아즈랑 파블로바 결정 💡 곳곳에 보이는 이쁜 꽃들 💐 어디에 앉을까 고민하다가 우리는 노란꽃이 세팅되어 있는 자리로 결정 🌻🌼 밤 늦게 방문했던 터라 사람이 별로 없었다 아싸리 🤍 덕분에 자유롭게 사진찍기 쁘이 vVV 먼저 나온 음료 두잔과 다쿠아즈 (⊃｡•́‿•̀｡)⊃ 석류를 또 굉장히 좋아하기에 시켜봤는데 펜지와 석류의 조화는 진짜 신선했다! 네네 지금 뿌리고 있는게 바로 펜지에요 이뿌다 ,,, 🤭🌺 다쿠아즈 !! 음료랑 다쿠아즈 둘다 너 맛있었다 왜 연남동 디저트 맛집이라고 하는지 알 것 같아 ➰ 최근에는 다쿠아즈가 파쿠아즈로 변경되었다고 한다 다쿠아즈 모양으로 만든 파블로바라고! 그리고 우리가 기다렸던 파블로바 🔥! 내 기억력이 맞다면 그 때 제철과일들을 올려주신다고 했던 거 같기도 ,, 하고 ,, (뒷북포스팅 걸려버림) ㅋㅋㅋㅋㅋ동영상 소리 들으면 알겠지만,, 록이랑 나랑 둘 다 파블로바가 뭔지도 몰랐고 메뉴판에 친절히 설명해놓으셨는데 그것도 제대로 안보고 비주얼만 보고 시킨 거 제대로 걸렸다 머렝케이크였구나 ,,! 우린 빵인줄 알았는데 ,,!! 근데 진짜 개맛있음 파블로바 맛집 대인정 보니까 주문제작도 받고 있다던데 맛있는 파블로바가 먹고 싶다면 라프하우스로〰! 사장님도 너무너무 친절하시고 솔직히 마감이 나름 임박한 늦은 시간에 방문했는데도 전혀 불편한 기색없이 정성스럽게 만들어주신 것도 감사했어요 🤍🖤 라프하우스 서울특별시 마포구 동교로32길 10 2층 라프하우스 ⏰ 월-일: 12:00-21:00 📍홍대입구 3번 출구에서 도보 5분 라프하우스(@rafhouse_seoul) • Instagram 사진 및 동영상 팔로워 784명, 팔로잉 3명, 게시물 76개 - 라프하우스(@rafhouse_seoul)님의 Instagram 사진 및 동영상 보기 instagram.com #라프하우스 #연남동카페 #홍대카페 #연남동디저트 #홍대디저트 #파블로바 #연남동핫플 #서이추 #서이추환영"
"홍대연남동 추천코스 -낙곱새맛집 평화연남,라프하우스 카페","두손 호호 불면서 갔던 연남동 J 두명이 만나 폭풍 검색 끝에 평화 연남에 도착했다 ( 사실 다른데 가려다가 입간판 보고 차선책으로 선택 ) 겨울엔 가까운게 체고야🫢 👉🏻실내 - 내부는 넓지않다 다닥다닥 붙은 자리 6-7팀 들어가나?! 다만 참고할 부분은 창가에 2-3인석이 마련되어 있는데 할말 많은 자리zㅑ 거의 야외에서 먹는 줄 너모추워… 되도록 안쪽에 앉으세욤 👉🏻밑반찬 👉🏻낙차새로 주문 거의다 낙곱새 시키는데 우리는 과감히 낙차새로🙌🏻 (같이 간 언니가 내장류를 못 드셔가지구) 해산물 깔끔하게 손질되어있었고 둘다 맵찔이라 맛은 안맵게 해서 먹었는데 적당히 매콤하고 맛있었다 우풍때문에 덜덜 떨면서 먹은거 아니면 재방문 각 맛있었다 깔끔하고 메인메뉴에 집중한듯 밥먹고 근처 폭풍검색하고 간 <라프하우스> https://m.blog.naver.com/s2starry/222944372267 홍대카페/연남동카페 - 인스타 갬성 디저트, 파블로바 명소는 어딜까!? 연남동 거리를 누비고 싶었는데 -너무추워 너무추워- 역시 카페나 가야겠다며 폭풍서치 끝에 발견한 이곳 &... m.blog.naver.com 지난번에 포스팅을 해서 자세한 후기는 여기를 참고하세욤 간단히 말하면 파블로바가 좀 많이 달더라 인증샷찍기엔 좋더라_ 여기까지 나의 연남동 나들이 간단한 후기 끄읏"
[연남동 카페] 홍대 데이트코스 카페추천 라프하우스,"연남동 라프하우스 홍대 데이트코스 추천 홍대입구역 3번출구 도보 5-10분이내 라프하우스 서울특별시 마포구 동교로32길 10 2층 라프하우스 연남동 데이트코스로 카페는 절대 빠질수 없쥬 but.... 웨이팅의 천국이라 다리도 아프고 갈만한 카페 찾기도 너무 힘든 현실 ^_^ ㅋㅋㅋㅋㅋㅋㅋ 2층으로 살포시 올라가면 라프하우스 ! 지나가다 분위기 좋아보이는 카페를 우연히발견해서 바로 직진! 연남동 라프하우스! 다행히 저희가 방문했을때 딱! 웨이팅 끝나고 바로 입장하는 상태여서 바로 들어가서 쉴 수 있었답니드... ㅎㅎㅎㅎㅎㅎㅎ #홍대카페추천 #연남동카페추천 #연남동카페 #홍대입구카페 #홍대카페추천 #연남동맛집 예쁜 오브제나 소품,가구 등 구경하기 좋은 카페였어요! RAF HOUSE ㅡ ㅡ 운좋게도 거울이 떼로있는 자리로 앉아서 소심하게 거셀도 남겨보구유 ㅎㅎㅎㅎㅎㅎㅎ 얼죽아 = 저 짝꿍= 석류에이드를 시켜보아떠래요 석류라즈베리 에이드였는데 요렇게 에이드원액이 따로 나와서 부으면서 기호에 맞게 ! 트레이도 귀엽네요 그러고보니 ㅎㅎ 요렇게 저어가며 싁싁 슥슥 (늘..남녀바뀐것같은 메뉴선택) ㅋㅋㅋㅋㅋㅋㅋㅋㅋㅋㅋ 누군가... 보고있...다... ㅋㅋㅋㅋㅋㅋㅋㅋㅋㅋ 시선이 느껴지는 어느 틈... ㅋㅋㅋㅋㅋㅋ (이제 실내 마스크도 벗고싶드..) ㅋㅋㅋㅋㅋㅋ ↑ 액자가 탐났 ㅋㅋㅋㅋㅋㅋㅋㅋㅋ 연남동 데이트코스 추천 라프하우스 카페 분위기좋은 연남동카페에서 주말데이트 어떠세유? #연남동주말데이트 #연남동데이트 #연남동소개팅장소 #홍대데이트 #홍대주말카페추천 연남동 카페추천 라프하우스 연남 홍대입구역 3번출구 도보 5-10분이내 라프하우스 서울특별시 마포구 동교로32길 10 2층 라프하우스"
연남동카페 라프하우스 디저트도 맛있네,연남동 가면 보통 길거리 지나가다가 카페를 들어가곤 하거든요 그래서 보통 1층 카페들은 가는 편인데 이번엔 미리 조사해봐서 가보고 싶었던 라프하우스 다녀왔어요 요즘 파블로바 디저트로 판매하는 곳 별로 없는데 여긴 파블로바를 먹을 수 있거든요! 올라가는 길도 힙하다 2층에 위치하고 있어요 메뉴는 이런데 아이맥에 이렇게 메뉴판 띄워놓으셨더라구요 저는 요즘에 라떼에 빠져있어서 아몬드크림라떼 저때문에 이제 단호히 좋아하는 짝꿍도 아몬드크림라떼로! 요즘 힙한 것들 다 모여있는 연남동 카페였어요 제가 좋아하는 인테리어 소품들 집에 있는 소품들과 겹쳐.. ㅎㅎㅎㅎㅎㅎ 반가워라 Usm과 포근하세요…. 캔들돔 진짜 잘 모시고 있는.. 등장한 아몬드크림라떼 한입 먹고 둘다 미소를 머금었어요 맛있어 고소한데 완전 지스타에 창시자에 앉으면 2층이라 지나가는 사람들 보는 재미가 있더라고요 그리고 등장한 파블로바 1단은 11000원이구 2단은 16000원! 등장만으로도 행복해지는 비쥬얼 진짜 얼마나 오랜만에 파블로바 먹는지 사기전조차 완전 기대했지 뭐에요 각도 다르게 찍어야해 이건 사진첩에 남겨놔야해 하고…. 완전 정성스럽게 만든 딸기 파블로바를.. 순석했습니다 짝꿍 기다리느라 힘들었음.. 진짜 넣으면 입에서 살살 녹아여 파블로바 좋아하는 사람들은 연남동카페 라프하우스 꼭 가셔서 아몬드크림라떼랑 꼭 같이 드셔요 저는 오후 세시 반문에 방문했는데 딱 한자리 남았더라구요 이런 카페 꼭 가봐야함.. 입구 바로 앞에 있는 소파는 무척 편해보였어요 포스팅쓰다보니 또 파블로바 먹으러 가고 싶은 연남동카페 라프하우스 라프하우스 서울특별시 마포구 동교로32길 10 2층 라프하우스
카페 라프하우스 :: 연남동 조용한 카페 찾는다면! 내돈내먹!,Good morning! Good afternoon! Good night! 해나입니다 :) 연남동에 맛집도 많고 카페도 정말 많죠~ 카페거리가 있다고하니 말 다했죠~ 어느 골목이든 걸어가다 둘러보면 꼭 하나씩은 있을 정도로! 그래서 밥먹고 많이 이동하지 않는 선에서 가게된 카페! 근데 생각보다 조용해서 놀랐던 카페 라프하우스 다녀왔어요~ 라프하우스 서울특별시 마포구 동교로32길 10 2층 라프하우스 딱 연트럴파크근처에 있어서 찾아가기도 수월해요 2층이라 잘 안보일 것 같지만 1층외부에 이렇게 안내 표지판이 있으니 바로 보였구요 근처에 워낙 식당이 많아서 유동인구자체가 많더라구요~ 식사를하고 왔으니 디저트는 패스하고 각자 음료를 골랐는데 하나같이 다들 차를 골랐답니다 ㅋㅋ 커피는 힘들어😢 내부 인테리어에서 좋았던 점은 힙한 소품들이 정말 다양했다는건데요. 어지러워보일 수 있지만 나름 잘 어울렸어요! 이렇게 의자들과 테이블이 다 다르게 생겼죠~ 잘못하면 조잡스러울 수 있는데 그렇지 않아서 좋았어요. 음악도 크게 틀지 않고 전체적인 공기나 분위기는 차분하다보니 더 잘 어울렸던거 같아요~ 공간활용도 넓게 넓게~ 여유가 느껴지죠~? 테이블이 차 있어도 다들 조용하셔서 연남동에 이렇게 조용한카페가 있구나를 처음 알았답니다 카페에서 커피마시지 않는 우리들~ 저 혼자 따뜻한 차를 주문했어요 요즘 날이 선선하다보니 아이스는 못먹어요😳 늦게 도착한 막내가 고른건 초코라떼인가?! 작은 마시멜로우들이 올라가있는데 너무나 귀여워서 사진안찍을수 없죠~ 막내는 디저트도 주문했다고하는데 준비하는동안 저 먼저 자리를 뜨는바람에 못찍었네요~ 오랜만에 언니들 동생들만나고와서 너무 좋았던 하루였어요~ 흔치않은 연남동 조용한카페 찾으시면 완전추천! 데이트도 좋지만 친구들끼리가서 수다타임하고 와도 좋을것같아요! 오늘의 일상리뷰! 여기서 마칠게요! 감사합니다 :)
연남동 카페 추천 '라프하우스' : 디저트가 다양한 힙한카페,이번 주말엔 연남동에 다녀왔다 :) 땀나고.. 한여름 같았던 주말 ㄱ- 가을아 어서와🍁 📍연남동 힙한 감성카페 '라프하우스' 라프하우스 서울특별시 마포구 동교로32길 10 2층 라프하우스 매일 12:00-21:00 영업시간 미리 검색해서 간 건 아니고 돌아다니다가 너~무 더워서 2층에 있는 라프하우스 발견하고 호다닥 들어갔다! 그냥 간건데 예뻐서 좋아따💙 깔끔하면서도 힙한 느낌!! 창가 자리 좋아 라프하우스 메뉴판 생소한 디저트 메뉴에 이끌려 주문하게 된 '머랭롤라드' 처음보는 신기한 디저트들이 많았어요! 모든 디저트는 전문 조리사가 조리한다고 쓰여 있어서 그런지 기대감 업!!🆙 아이스 아메리카노 두 잔과 머랭롤라드 주문했어용 스티커도 함께 주셨더요 창가자리 좋쥬! 머랭롤라드 등장! 비주얼이 넘 예쁘지 않나요💓 무화과가 위에 예쁘게 올라와있당 달콤해서 아아랑 먹기 딱! 빵이 아니라 머랭이라 달달했어요 안에 크림?엔 청포도도 있는 것 같았는데 묘한 매력이 있음! 근데 짱맛 요정도는 아닌 것 같아요 제 입맛엔ㅎㅎ.. 힙한 갬성이 느껴지는 인테리어 같지 않나여?📸 거울에서도 찰칵 쿄쿄 귀여운 디저트들 앙녕 2층에 있어서 잘 안보일 수 있는데 우연히 예쁜 카페 발견해서 좋았다!! 주말 예뻤던 하늘로 포스팅 마무~리 연남동 예쁜카페 도장깰래~~
[홍대/연남동] 라프하우스.,"그냥 보이는 카페 들어가자 춥다~ 이러다 얼떨결에 들어가게된 라프하우스. 라프하우스 서울특별시 마포구 동교로32길 10 2층 라프하우스 찾기 어려운 위치는 아니다. 이런 입간판이 보이므로…ㅋㅋㅋ 카페는 건물 2층에 위치해있다. 2층에 올라갔는데 폐점시간이 한시간밖에 안남아있었음에도 테이블에 사람들이 꽤 있었다. 메뉴판!! 디저트가 생각보다 다양하다. 다쿠아즈도 있고 말렌카케이크라고 조금? 생소하지만 꿀이 들어간 케이크도 있어서 신기했다. 우린 아몬드크림라떼, 청귤티, 바닐라라떼, 초코말렌카케이크를 주문했다. 주문하고 둘러본 카페. 모던한느낌으로 꾸며져있다. 늦게가서 혼자 일하고계셨는데 메뉴가 금방나왔다. 음료도 너무 달지안게끔 밸런스 맞게 맛있었고, 말렌카케이크가 진짜 맛났다. 찾아보니 반죽시 설탕대신 꿀이 들어간다고하는데 그래서 그런지 식감이 다른케이크와는 조금 달랐다. 뭔가 또 생각나는맛ㅋㅋㅋ 나중에 케이크가 또 생각나면 다시 가봐야겠다:)"
[연남동 라프하우스] 주택가 속 모던하고 힙한카페 ღ,"ღ 2022. 2. 27 ღ 선 이자카야 후 카페 ㅎㅎ 순서 무시하고 식후 커피마시기🖤 앞에서 갔던 이자카야 바로 옆 카페에 가봄 연남동카페 라프하우스 카페 '라프하우스' 역시 연남동은 주택을 개조한 가게가 많다링 옷가게 위에 있어서 못 찾고 지나칠뻔! 라프하우스 카페 내부는 적당한 크기의 규모고 의자나 테이블은 유리와 철제 인테리어가 힙하다! 연남동 라프하우스 메뉴를 보는데 인상깊었던 점, 디저트만 취급하는 카페가 아니지만 모든 디저트류를 전문 조리사가 주문을 받는 즉시 만들고 플레이팅한다고 함! 정성이..!! 연남동 라프하우스 인테리어가 통일된 느낌이 아니고 하나하나 힙항감성과 독특한느낌이 있었음 그래서 더 하나하나 사진들마나 느낌있는 카페사진이 나옴ㅎㅎ 연남동 라프하우스 인스타에 업로드하기 좋은 너낌들 :) 카페마다 분위기가 너무 달라서 카페는 역시 이런 인테리어 보는 재미가 ㅎㅎㅎ 연남동 라프하우스 우리는 창가자리 겟! 라프하우스 드디어 나온 음료와 디저트! 바닐라라떼 ice (6,000) 라프커피 ice (6,500) 다쿠와즈 (3,800) 라프하우스 다쿠와즈 다쿠와즈 사진 잘 찍었다📷 맛은 개인적으로 특별한것 없이 마냥 달다고 느껴짐ㅜ 라프하우스 라프커피 바닐라라떼는 무난무난 괜찮았고 이곳의 시그니처 라프커피(오렌지비엔나) 이게 맛있었음! 개인적으로 비엔나커피, 아인슈페너는 기본이 제일 맛있다고 생각했는데 라프커피 한입 먹고는 음~~ 맛있어 연발했음 ㅎㅎ 말린 오렌지칩도 맛있게 먹었쥬 :) 이곳은 시그니처 라프커피와 파블로바케이크가 유명하다고 함. 연남동에서 모던하고 힙한 카페를 찾거나 맛있는 비엔나커피가 먹고싶다면 추천추천 :) 라프하우스 서울특별시 마포구 동교로32길 10 2층 라프하우스 #연트럴파크카페 #홍대카페추천 #주택개조카페 #모던카페추천 #연남동힙한카페 #연남동라프하우스 #라프하우스라프커피 #라프하우스디저트 #오렌지비엔나커피 #라프하우스다쿠와즈 #연남동디저트카페 #서이추환영 #서이추"
라프하우스 연남동 홍대입구역 포스트모던 카페,"라프하우스 라프하우스 서울 마포구 동교로 32길 10 2층 라프하우스 카페 차가운 공간 정적인 소음 라프하우스는 연남동 골목에 2층에 자리 잡았다. 들어가는 계단에서부터 포스터로 개성을 표현한 공간이다. 매장의 공간은 생각보다 작으나 테이블 여유가 있어, 답답하지 않았다. 특유의 센치한 인테리어들이 눈길을 끌었다. 메뉴는 파블로바 케이크가 시그니처인 곳이다. 겉은 바삭하고 안은 부드러운 머랭을 이용한 케이크다. 초를 추가 구매할 수 있어 파티 분위기 내기에 적당했다. 연남동에 갈 일이 있다면 데이트 코스로 중간에 방문하길 추천한다. 라프하우스 위치 라프하우스 서울특별시 마포구 동교로32길 10 2층 라프하우스 홍대입구역 도보 15분 시간 일 12:00 ~ 21:00 월 12:00 ~ 21:00 화 12:00 ~ 21:00 수 12:00 ~ 21:00 목 12:00 ~ 21:00 금 12:00 ~ 21:00 토 12:00 ~ 21:00 메뉴"
"[연남동] 상큼한 오렌지풍 라프 커피와 진저 하이볼, 카페 라프하우스","니꾸킹버거를 먹고 술이 되는~ 하고 연남동을 뒤지다 들어간 카페입니다. 내부는 깔끔하니~ 채광도 좋고~ 아기자기한 베어브릭풍 미술 소품들이 많아서 구경할 맛이 났는데 다들 사람들이 있다보니~ ㅎㅎ 메뉴판도 한 컷~ 진저 하이볼~ 생각보다 진저진저하진 않아 좀 아쉽다고 하시던~ ㅎㅎ 라프 커피란 오렌지 비엔나가 시그니처로, 라떼와 논라떼를 고를 수 있어 괜찮았네요. 잘 말린 오렌지 칩이 특이한데 꾸덕한 크림에 오렌지 맛이 살짝 나는게 아니라 꽤나 진하지만 상쾌하니 새콤해서 꽤나 마음에 드네요. 논라떼는 깔끔하니~ 커피 맛도 진하니 같이 산미가 좀 살아나서 좋았네요. 디저트도 예뻐서 다시 들릴만한~ 라프하우스 서울특별시 마포구 동교로32길 10 2층 라프하우스 #연남동, #카페, #라프하우스, #라프커피, #진저하이볼, #진저, #하이볼, #커피, #오렌지비엔나, #오렌지, #비엔나커피, #오렌지칩, #괜찮네, #상큼해, #A7c, #Batis40, #바티스40, #아이폰11프로"
"연남동 카페 추천, 크루아상 존맛탱! 라프하우스(=rafhouse)","안녕하세요. 새싹아가씨입니다. 광야에서 맛 좋은 점심을 먹고 서로 열심히 카페를 찾았지만 부질없는 짓이었어요. 주말이라 그런지 조금이라도 핫한 곳은 자리가 없었거든요. ""그냥 아무 곳이나 가자"" ㅋㅋㅋㅋㅋㅋㅋㅋ ㅋㅋㅋㅋㅋㅋㅋㅋㅋㅋㅋㅋㅋ 아무 곳이나 가도 자리가 없어... 연남동 카페 왜 이렇게 장사 잘 돼? 역시 홍대로구먼? 그러던 중에 비 5 - ""저기 어때?"" 하길래 새싹아가씨 - ""저기 문 닫은 거 아니야? 어두운데?"" 비 5 - ""아냐 열려있어. 가자!"" 해서 간 곳이에요. 라프하우스 서울특별시 마포구 동교로32길 10 2층 라프하우스 (포스팅 다 했는데 없어져서 다시 쓰고 있는 중ㅠㅠㅠ) 바깥에서 보이는 메리크리스마스 풍선 사장님의 취향이 엿보이는 인테리어와 소품들입니다. 특히 의자가 무척 특이하쥬? ㅁㅔ뉴판 참고하세요. 아이스아메리카노 2잔 / 체리초코라떼 1잔 주문했어요. 새싹아가씨 - ""체리초코라떼가 뭐지? 먹어볼까?"" 하면서 바로 주문 긔긔... 그리고 비5가 사줌ㅋㅋㅋㅋㅋ 비5 머쩌! 주방에서 크루아상 데코하고 있길래 사장님한테 물었죠. ""혹시 주방에 있는 생크림 크루아상도 판매하나요?"" 하니까 주방에서 ""네네네! 다 완성했어요. 주문하셔도 됩니다."" 개이득! !!! ! ! ! !!! (사진 찍힌 저 크로와상은 아니에요) 이 물티슈엔 웃긴 사연이 있는데 우리 셋 다 여기 카페 이름을 몰라서 ""얘들아, 여기 카페 이름 뭐야?"" 하니까 다들 ""몰라"" ㅋㅋㅋㅋㅋㅋㅋㅋㅋㅋ ㅋㅋㅋㅋㅋㅋㅋㅋㅋㅋㅋㅋㅋㅋㅋ 슬며시 비5가 물티슈를 주더라고요. (아... 여기 RAFHOUSE 구나.) 갈막이랑 경5한테도 저 물티슈 사진 보내줬어요. 애들이 ""너네 어디야?""라고 보냈는데 물티슈사진 보내면서 ""우리 여기에 있어."" 비5가 선인장에 있던 모자 나 씌워줬다. 박솜이 ""너네 아직도 그러고 노냐?"" 하더라능. 우리 고등학교 때 도라이짓 많이 했지. 암 구래 구래! 도라이짓은 사진으로 냄겨놔야지, 재밌쑴 비5가 나보고 사진 못 찍는다면서 자기가 찍어준다고 내 핸드폰 가져감.... 나보다 사진 잘 찍는 비옼ㅋㅋㅋㅋㅋㅋㅋㅋㅋㅋㅋㅋㅋ 그리고 귀여운 코스터 찰칵! 체리초코라떼는 초코라떼보다 별로얌. 그냥 어디서 먹어본 맛? 난 그냥 초코라떼를 조아하는 사람임. 베뤼베뤼 생크림 크루와상 직접 만드신 것 같았다. 크루아상 바삭하니 너모 맛있고, 생크림 달달하고 뷰드러워서 존맛팅. 매너 좋은 비5가 잘라줬다. 기미 상궁인 제가 먼저 먹어보았습니다. 먹자마자 ""와ㅏ아아아아아 대박대박 얘들아 이거 존맛탱이야. 오미오미 빨리 먹어봐"" 온갖 호들갑은 다 떨었.... 주변 사람들이 없어서 다행이지....후하후하! 갈막이랑 경5기다리면서 시간 때우는 중 ㅋㅋㅋㅋㅋㅋㅋㅋㅋㅋㅋㅋㅋㅋㅋㅋㅋㅋㅋ 나 왜 이렇게 신나 하는데? 오랜만에 비5랑 너모 케미가 조아따. 박솜은 기 빨린다고 지쳐하고 있음ㅋㅋㅋㅋㅋㅋㅋ 라프하우스에서 즐거운 시간 보냈둠. 그럼 20000"
연남동 카페 라프하우스 분위기 디저트 맛집,"연남동 카페 라프하우스 분위기 디저트 맛집 서울 마포구 동교로32길 10 2층 라프하우스 12:00 - 21:00 주차공간 X 안녕하세요. 현정입니다☺️ 오늘은 연남동 카페를 추천해드릴게요! 연남동 디저트 카페 라프하우스 입니다 :) 감각적인 인테리어로 분위기 맛집인 라프하우스는 디저트 맛집으로 특별하고 예쁜 디저트가 많아요👐🏻 인테리어도 소품 하나하나 세심하게 신경쓴게 느껴져요! 친구랑 방문했는데 생각보다 분위기가 너무 좋아서 만족스러웠어요😌 라프하우스는 비주얼 예쁜 디저트들도 많아서 당충전이 필요하실 때 방문해보시길 추천드려요. 연남동 카페 라프하우스 디저트 메뉴 참고하세요! 라프하우스(@rafhouse_seoul) • Instagram 사진 및 동영상 팔로워 915명, 팔로잉 3명, 게시물 123개 - 라프하우스(@rafhouse_seoul)님의 Instagram 사진 및 동영상 보기 instagram.com 곳곳이 포토스팟으로 느껴지는 곳이에요. 연남동 디저트 카페! 사장님도 친절하시고, 저날 너무 배불러서 음료만 먹었는데 특별한 디저트가 많아서 나중에 재 방문해서 꼭 먹어보고 싶어요. 2층에 위치해있어서 연남동 골목 감성도 느끼실 수 있답니다🤗 초코라떼도 완전 제 취저👍🏻 연남동 카페 라프하우스 분위기 디저트 맛집 비오는 날이었는데 친구랑 연남동 카페에서 데이트 너무 행복했어요💛 연남동 분위기 좋은 디저트 카페 찾으신다면 라프하우스 꼭꼭 가보시길 추천해요 :) 라프하우스 서울특별시 마포구 동교로32길 10 2층 라프하우스 #내돈내산 #라프하우스 #연남동카페 #연남동디저트 #연남동카페추천 #디저트카페 #연남동분위기좋은곳 #연남동데이트 #카페라프하우스 #라프하우스카페 #카페"
연남동 카페 라프하우스 파블로바 음료 비쥬얼 예쁨,"연남동 카페 라프하우스 안녕하세요. 친구들과 오랜만에 돌고래양이 서울와서 연남동에서 만났어요. 낮에 만나서 놀고 6시 전에 헤어지는 건전한 삶 ㅎㅎㅎㅎ 1차 카페 2차 점심먹고 3차 카페로 방문한 곳은 연남동 카페 라프하우스예요. 워낙 카페가 많은 연남동에서 청름 방문해봤는데요. 힙한분위기에 파블로바와 음료가 예쁘고 다양했던 라프하우스 소개해드릴게요. 라프하우스 1층은 편집샵인 것 같더라구요. 유니크한 외관의 건물 2층에 라프하우스가 위치해있어요. 2층이라 카페 올라가는 계단에서도 힙한느낌 가득한 연남동 카페 라프하우스였어요, 힙한 연남동 카페라 그런지 내부에 많은분들이 계셨어요. 라프화우스는 RESPECT + ADMIRE + FAITH의 합성어로 존중에 의한 공존을 뜻한다고 하네요. 힙한 느낌 + 요즘 유행하는 미드센추리모던 인테리어인 것 같아요. 연남동 카페 라프하우스 메뉴 & 가격 커피 티 논커피 에이드에 디저트까지 메뉴는 다양했어요. 핑크티(레몬진저) 석류팬지에이드 밀크티로 주문하고 디저트도 먹고싶어서 시나몬말렌카와 무화과 파블로바 주문했어요. 물티슈와 티슈 라프하우스 스티커가 카운터아래에 준비되어있었어요. 공간공간 인테리어가 참 예뻐요 포스터 등으로 화이트톤의 벽에 포인트도 들어가고 자리마다 테이블 의자도 다른데 멋스럽게 어우러져요. 테이블 간격도 좁지 않아서 편하게 시간보내기 좋았던 연남동 카페 라프하우스예요. 음료는 자리로 직접 가져다주시더라구요. 주문만 카운터에서 하고 다먹은 음료잔도 자리에 두고 가면 되는 시스템이예요. 저희는 세명이서 음료3잔 디저트2개 다양하게 주문해보았어요. 테이블이 점점 꽉 차는중 ㅎㅎㅎ 밀크티 7.0 라프하우스 스티커가 붙어있는 보틀에 밀크티가 나왔어요. 밀크티는 얼음잔과 함께 제공되어서 얼음잔에 따라서 마실 수 있어요. 한병이 딱 잔에 맞는 양이었어요. 진하고 부드러운 밀크티예요. 핑크티 (레몬진저) 6.0 핑크티는 어떤맛일까 궁금해서 주문해봤어요. 일단 비쥬얼이 너무 예뻐요. 은은한 단맛과 진저향(생강향)이 깊은 티였어요. 레몬맛은 생각보다 강하지 않았던 것 같아요. 석류팬지에이드 6.5 연남동 카페 음료 비쥬얼이 다 너무 예쁘지 않나요 ? 석류팬지에이드는 보라색 시럽이 나와서 넣어서 잘 섞어먹는 음료였어요. 달달하고 상큼한 에이드라 잘 마셨어요. 음료 아래에 코코팜에 들어있는 알갱이같은 토핑이 있어서 씹는맛도 있었어요. 말렌카 시나몬 7.0 말렌카는 처음보는 메뉴라서 어떤건지 여쭤봤는데 케이크같은거라고 설명해주셨어요. 시나몬 말렌카가 새로 나왔다고 해서 주문해봤어요. 비쥬얼 무엇...*_* 크레이프케이크처럼 겹겹의 말렌카 위에 생크림이 올라가있는데 라프하우스의 생크림은 100% 동물성 생크림을 사용해서 느끼하지 않고 고소했어요. 말렌카는 처음먹어보았는데 쫀득 + 꾸덕한 스타일이었어요. 떡을 먹는듯한 느낌도 드는 디저트였어요. 파블로바 무화과 11.0 파블로바는 한번 먹어본 적 있는 디저트인데 , 바사삭한 식감에 반했었는데 연남동 라프하우스에도 파블로바가 있어서 주문해보았어요. 포도 / 무화과 두종류 있다고 하셨는데 아마 그때그때 제철 과일로 달라지지 않을까 싶어요. 비쥬얼이 너무 예뻐서 자꾸 사진찍게 되더라구요. 무화과 말고도 다른 과일도 올라가있어요. 파블로바는 머랭케이크라고 하더라구요. 머랭으로 만들어진 겉면이 바사삭한 식감이고 입안에서 몇번만 씹어도 사르르 녹아 없어져요. 안에 크림은 마시멜로우처럼 쫀득했어요. 마시멜로우인가 ? 하면서 먹었어요 친구들이랑. 처음 파블로바를 접해본 친구는 수플레팬케이크처럼 푸둥푸둥 촉촉한 스타일일 줄 알았는데 , 머랭케이크라 바사삭 해서 신기하다고 하더라구요. 열심히 수다떨다보니 시간이 엄청 빨리가더라구요. 5시 넘어서 퇴근시간 전에 집에가자고 나왔어요. 어짜피 6시 이후 2명밖에 못있으니까유.... ㅋㄹㄴ만 아니었어도 맥주한잔 하고 헤어졌으면 참 좋았을텐데 아쉽 음료와 디저트 다 비쥬얼이 예뻐서 눈으로 먹고 입으로 먹는 재미가 있는 곳이었어요. 조용히 시간보내기 좋았던 연남동 카페 라프하우스였습니다. 라프하우스 02-337-7353 서울 마포구 동교로32길 10 라프하우스 서울특별시 마포구 동교로32길 10 2층 라프하우스"
연남동 카페 라프하우스 파블로바케이크 디저트 맛집,"저녁 먹었으니.. 디저트 배를 채워야죠..?ㅎㅎ 연남동 카페를 찾다가 발견한 라프하우스 식사한 식당 근처여서 얼마 안걷고 바로 도착 ㅎㅎ 연트럴 파크에서도 한 오분정도 걸릴 거 같다 연남동 케이크 맛집 라프하우스 영업시간 일~목 11:00 - 21:00 금,토 11:00 - 22:00 이층에 있던 카페 올라가던 길에 붙어있던 굉장히 힙한 느낌의 포스터들 :-) 뭔가 모를 힙함이 느껴졌던 연남동 카페 라프하우스 인테리어부터 깔끔하고 요즘 느낌이 나는 (나이 들어 보이나ㅠ) 카페였다. 식물도, 화이트 색상의 깔끔한 벽도 요새 유행하는 철제 + 유리 가구들도 예뻤다. 타이포그라피가 창가에 있어서 밖에서 봤을 때도, 안에서 봤을 때도 멋스러웠던 느낌이 들었던 연남동 카페 라프하우스 연남동 디저트 맛집 라프하우스 메뉴판 따뜻한 라떼와 청귤차, 까눌레와 파블로바케이크? 처음 보는 메뉴가 있어서 도전을 해보았다 주문하고 보니 곳곳에 걸려있는 액자도 맘에 들었다. 그리고 이 공간 포스터, 의자, 테이블 컬러감이 잘 매치되서 라프하우스에서 특히 맘에 들었다 소품하나하나 특이하고 눈길이 가서 한참을 구경했던 것 같다. 파블로바케이크는 시간이 좀 걸릴 거 같다고하셔서 먼저 까눌레와 음료를 가져다 주셨다. 갑자기 쌀쌀해진 날씨에 둘다 따뜻한 음료 :-) 조명이 살짝 뭔가 맘에 안들어서 이리 저리 찍어보다가 쇼파도 편한 것 같아서 자리를 그냥 옮겼다 ㅋㅋ 파란 하리보 젤리같은 곰돌이 조명이 포인트였던 스팟 쇼파가 굉장히 편해서 좋았당 ㅎㅎ 예전에 까눌레 한번 먹어보고 맛있어서 먹어보려고 주문했던 연남동 디저트 맛집의 까눌레 겉바속촉 달콤 부드럽던 맛 🧡 이젠 가끔 한번씩 먹을 것 같은 구움과자 내 머릿속 디저트 리스트에 올라왔다 ㅎㅎ :-) 그리고.. 어마어마했던 파블로바케이크! (파블로바는 밀가루가 들어가지 않는 머랭케이크🥰) 비쥬얼부터 시강아닙니까...!!!?!? 카페 대표님이 쉐프 출신이라고 하시더니... 확실히 다른게 느껴졌던 디저트..💜 이건 인스타 업로드 각인데...ㅋㅋㅋ 생전 처음보는 디저트라 둘다 또잉😮 해서 이리저리 보다가 반을 썰어보자 하고 썰었는데.. 머랭케이크라 소리도 파삭파삭🤩 안에도 크림이 들어있었다. 머랭케이크는 처음이라, 조금씩 뿌셔서 과일이랑 같이 먹어봤다. 우선 파블로바케이크 위에 너무 싱싱하고 다양한 과일들이 올라가 있어서 눈을 사로 잡았는데, 한입 먹어보니 연남동 디저트 맛집 인정..!! 한입한입 먹을 수록 실은 와인이 있었으면 좋겠다고 계속 생각을 했다. 물론 커피랑, 티랑도 잘어울렸다. 파블로바케이크 자체가 많이 달지 않고, 식감도 바삭하다가 입안에 들어가면 녹아 없어지는 머랭케이크가 처음이라 우선 신기했다. 마스카포네 크림이랑 신선한 과일, 그리고 곳곳에 있던 젤리도 함께 먹었는데 조화로워서 먹는내내 야, 이거 진짜 맛있다 를.. 몇번이나 말하며.. 저 큰걸 다 먹었다ㅋㅋㅋ 머랭케이크라 배는 그렇게 많이 안부르더라고요?🙄😏 그리고 거울샷도 여러번 찍고 (잘나와서 맘에듬ㅋㅋ) 오랜만에 연남동에서 저녁, 카페까지 성공적으로 마쳤던 데이뚜! 라프하우스 서울특별시 마포구 동교로32길 10 2층 라프하우스 #파블로바케이크 #연남동카페 #연남동케이크 #연남동디저트 #연남동디저트맛집"
연남동디저트카페찐맛집 라프하우스,"와 벌써 금요일 할로윈주네요! 할로윈 하면 빠질수 없는 홍대 연남동 핫플 친구와 홍대 연남동데이트를 하면서 힙한 연남동카페를 소개해볼까해요. / 참고로, 저는 할로윈주 전에 방문했어요. 연남동디저트카페 RAF HOUSE 라프하우스 R:espect A:dmire f:aith 라프하우스는 연남동카페뿐만 아니라 공간 대관부터 마켓, 전시, 라이프공연까지 다양한 아트적 공간으로 사용하더라구요. 그리고 전문 디저트 쉐프님께서 직접 디저트를 만드시는 걸로 유명해요~ 디저트케이크들이 보통 비주얼이 아닌것 같아서 달달한 디저트가 땡기는 시간에 방문했어요! 여긴 조명, 벽면, 그림, 테이블, 의자들까지 요즘 힙한것들 투성이 트렌드스러웠어요. 저녁에 방문해서 그런지 컬러감보다는 오히려 무드있는 예술작가 작업실스럽기도하고 음악하는 작업공간 같기도 했습니다 ㅋㅋ 저 가운데 선인장이 너무 멋스러운거 아닌가요♡ 벽면 그림과 포스터를 쭉 둘러보면서 저랑 같이 동행한 친구의 얼굴 닮은것같아 신기하고 웃기더라구요 ㅋㅋㅋㅋ 방문한지 얼마 안되서까진 자리가 없어서 입구쪽 거울앞 자리를 앉았었는데, 소파 하나에 미니테이블 하나였지만 라프하우스 거울이 정면에 위치해서 오히려 사진찍기는 즐거웠어요~ ㅎ 그래도 좀더 넓은 테이블자리가 나면 자리를 바꾸려고 호시탐탐 기다렸어요. 파블로바 케이크, 말렌카 케이크 등 흔하지 않은 수제 케이크 디저트를 맛볼 수 있는 연남동디저트카페로 알려져있는데 아무래도 저녁시간에 방문하다보니 파블로바 케이크는 보이지 않더라구요. 그래도 이번 디저트 신메뉴인 제철과일 올라간 크로아상을 시켰어요. 그러다가 급 자리가 나기 시작합니다. 어어엇~!! 라프하우스 핫플스럽게 창가자리에 앉아야할까? 귀여운 포스터들이 있는 이곳 자리에 앉을까 고민하다가? 이곳 사이드 벽면앞에 앉는 걸로! 아까부터 마음에 들었던 선인장을 더 가까이 볼 수 있어 맘에 드는 자리~ㅎ 언제나 날 생각해주는 친구와 함께 셀피♡ 그래도 자리순환이 빨리되서 편하게 디저트를 먹을수 있음에 감사 잘 먹겠습니다 : ) 한눈에도 제철과일들로 상큼함 포인트를 준 크로아상♡ 반을 잘라 속을 보니 허니블루베리 소스와 과일들도 또 듬뿍 들어있었어요~ 야호~ 뭔가 굉장히 디저트맛집 아니면 나올 수 없는 비주얼.. 이런것은 발주받는 케이크집에서는 볼수가 없는 스타일이죠~!! 라프하우스 코로아상 진짜 맛있어요~ 안에 허니블루베리소스도 기가막힙니다! 라프하우스는 진짜 연남동디저트맛집 찐스럽네요. 디저트케이크 추천♡ 다른 연남동디저트맛집이라고 가볼때마다 발주받은 케이크들 너무 싫으다요 ㅠ 제가 입맛이 까다로울순 있는데 요즘 손님들 입맛 수준도 고급지다는걸.. 연남동카페 라프하우스도 정말 맛있는 디저트덕분에 재방문해야할 이유가 생기네요! 라프하우스가 좋아지는 또다른 이유는 그 안에서 느껴지는 에너지가 아닐까 해요. 저는 아트디자인에 관심이 많아서 그런지 아트워크에 상당히 재미를 느낍니다. 라프하우스(@rafhouse_seoul) • Instagram 사진 및 동영상 팔로워 501명, 팔로잉 2명, 게시물 50개 - 라프하우스(@rafhouse_seoul)님의 Instagram 사진 및 동영상 보기 www.instagram.com 그런면에서 라프하우스 인스타 소식을 보면서 이벤트가 있는 날도 기다려봐야겠어요~ㅎ 연남동카페 라프하우스는 아담하지만 참 힙하고 감각적이에요. 연남동디저트카페 라프하우스 다음엔 꼭 낮에 가봐야겠어요~! 그때는 더 여유롭게 즐기고 파블로바 케이크 먹어야지 ㅋㅋ 연남동디저트카페 찐맛집을 원하신다면 개인적으로 라프하우스를 추천 : ) 연남동디저트카페 라프하우스 서울 마포구 동교로 32길 10, 2층 홍대입구역 3번출구 도보 5분거리 연남동 홍반장순대국 맞은편 골목 일, 월, 화, 수, 목 11:00 - 21:00 금, 토 11:00 - 22:00 대관문의 0507-1389-7353 주차 불가 국민지원금 가능 라프하우스 서울특별시 마포구 동교로32길 10 2층 라프하우스"
홍대 연남동 카페 추천 라프하우스,"#연남동카페 #홍대카페 #연남동신상카페추천 #라프하우스 #디저트맛집 우연히 지나가다가 발견한 곳 아기자기한 이런 분위기는 아님 그냥 깔끔 모던 그 자체 무엇보다.. 우리 들어갔을 때 사람이 별로 없어서 더 좋았다.. ㅋㅋㅋㅋㅋㅋ 그리고 지금은 아니지만 이 당시에는 가오픈 기간이라 할인 받았음 ~~~~ 기필코,, 저 삼겹살 먹으러 갈거임;;ㅋㅋ 디저트와 함께라면,, 전 항상 아아연 아바라 흑임자 라떼? 와,, 이렇게 생긴 디저트는 처음 먹어본다.. #파블로바케이크 제철 과일로 곁들여지고 머랭 케이크라는데 맛있었음 ㅠㅠ 아오,,, 저 오토바이 안 나오게 찍고 싶었는데 계속 나와서 실패; 이건 아마 #아이폰12프로 #망원렌즈 로 찍은 듯; 아니... 저 아직도 후회한다구여,,,, 아이폰 12프로 왜 샀냐구여,, 망원렌즈 1도 안 찍는다고요,,, 왜 256기가 샀냐구여,, 맨날 남아돈다고요,, ㅠㅠㅠ.. ㅁ튼.. 사장님 친절쓰 분위기 좋음 디저트 맛있음 커피도 맛있음 추천임 꼭 가보 삼 ㅠ"
연남동카페 라프하우스 파블로바 케이크가 자꾸 생각나요!,"연남동카페 라프하우스 파블로바 케이크가 자꾸 생각나요! 안녕하세요. 쑝쑝이에요:) 유난히 쌀쌀해지는 날씨를 좋아하는 저는 가을에서 겨울로 가는 그 사이와 엄청 추운 겨울새벽을 유난히도 좋아하는것 같아요! 그래서 좋아하는 그 시기의 계절 순간순간을 기억하고싶어 지난주말에도 예전 연남동의 신세계를 경험한 후 자꾸 생각이나 지난 주말말 연남동데이트를 다녀왔답니다! 항상 홍대거리랑 경의선숲길공원까지만 돌아다니다가 지난번 연남동거리를 처음 걸어봤는데... 와??!!! 완전 힙한 갬성매장들이 많았던 신세계 ♡ 그렇게 연남동 골목 구석구석을 누비다가 와?!! 굉장히 힙한 갬성의 연남동카페 라프하우스를 발견하곤 맛있는디저트도 먹을겸 바로 고고 했답니다! 2층에 위치한 연남동카페 라프하우스는 연트럴파크 사거리 근처에 있는 힙한 분위기의 디저트카페랍니다! 힙한 갬성카페이다보니 2층 올라가는 길목에도 사진찍기 좋은 포토존이 어찌나 많던지 밤이라 사진에 안담아져 담 낮에 꼭 다시와야겠다는 생각이 들었답니다! 우왕!! 안에는 더더 힘합갬성의 라프하우스! 다양한 의자와 좌석들과 인테리어들이 꼭 가기 다른카페에 와있는 기분이 들더라고요! 완전 맘에 쏙 ♡ 라프하우스 인테리어 감상은 잠시 미루고 우선 주문부터 고고!! 요 라프하우스는 대표님께서 쉐프출신이셔서 플레이팅이 화려하고 모든 디저트가 수제! 특히, 프블로바케이크, 말렌카케이크같이 흔하지 않은 수제 디저트로 아주 유명한 곳이었더라고요! 그래서 오늘 라프하우스에서의 디저트메뉴는요?! 라프라떼(오렌지라떼) 하나 아몬드크림라떼 하나 파블로바 하나 까눌레 하나 주문했답니다 ♡ 보는 곳곳마다 다 힙한갬성 뿜뿜이죠?! 곳곳마다 다른 인테리어로 꾸며져 있다보니 찍는곳마다 전부 포토존이 되더라고요! 이곳저곳 앉아 사진찍고 싶었지만, 핫플존 답게 금방금방 사람들이 들어오더라고요! 그래서 잠시 비었을때 함 몇컷 찍어봤어요. 저희가 앉은 자리는 통유리창쪽! 주문하고 먼저 앉아있는 틈에 도촬당한 컷인데 와?!! 완전 맘에 들더라고요! 걍 찍기만해도 사진이 엄청 잘나와요ㅎㅎ 뷰가 훌륭해서 한 몫한듯합니다 ♡ 그렇게 사진에 감타하는 사이 주문한 디저트메뉴들이 하나씩 등장했어요! 커피도 그렇고..디저트 비주얼이 완전 예술 ♡ 아니 이거 완전 예술작품급! 이거 뭐 아까워서 먹겠나요?? 커피며 파블로바 케이크가 너무 예술적 비주얼이라 사진을 안찍을 수 없었어요ㅎㅎ 그래서 무한 대방출중! 엄청나게 아주 많이 찍은건 (안 비밀 ♡) 요 엄청난 비주얼을 자랑하는 요 아이가 바로 라프하우스 세프님이 하나하나 만들어주신 라프하우스에서만 맛볼 수 있는 수제 디저트 파블로바케이크 ♡ 눈물을 머금고.. 요 파블로바 케이크 컷팅! 요 파블로바 케이크는요?! 밀가루함량이 전혀없는 머랭케이크에 마스카포네 크림과 무화과, 블루베리, 샤인머스켓 등의 지금의 제철과일을 듬뿍 들어간 케이크랍니다! 머랭 특유의 과하지 않은 달달함과 겉은 살짝 바삭하지만 안에는 엄청 촉촉하며 쫀득한 식감과 마스카포네 크림이 엄청 부드럽고 제철과일의 새콤달콤함이 더해져 정말 맛있답니다..! 음에 넣는 동시에 눈같이 사라지는게 몇번 먹다보면...남은건 빈접시뿐이라는게 함정! ㅎㅎㅎㅎㅎㅎㅎㅎㅎ 연남동나들이나 데이트 계획중이시라면 꼭 라프하우스 방문하셔서 요 파블로바 케이크 꼭꼭 드셔보세요!! 완전완전 강추해요 ♡ 진한 바닐라향이 풍기던 라프하우스 까눌레 겉바속촉의 대표디저트가 바로 까눌레쥬! 캐러멜라이징이 되어 겉은 쫀득하면서도 바삭하고 안에는 촉촉한 라프하우스 까눌레 요건...혼자 5개도 먹겠더라고요..ㅎㅎ 역시 연남동디저트맛집 답게 정말 HJMT ♡ 그리고 요건 라프하우스의 시그니처 라프라떼 ♡ 일반 라떼와는 다르게 오렌지크림이 위에 덮혀져 있어 오렌지향과 커피의 향의 믹스가 아주 일품이었답니다! 중간중간 씹히는 말린 오렌지도 달달한게 아주 굳굳 ♡ 요 라프라떼 커피맛이 자꾸 생각나서 연남동가면 꼭 다시 방문할것 같아요! 그리고 요건 라프하우스의 아몬드크림라떼 ♡ 위에 고소한 아몬드크림이 한가득! 거기에 견과류와 코코아가루가 함께 토핑되어 뭔가 달달한 아몬드우유를 먹는듯한 그런 기분이 들었답니다! 그렇게 10월의 가을가을했던 밤 연남동 라프하우스에서 맛있는 디저트와 함께 행복한 시간을 보냈답니다! 이쁜 반지와도 함께 ♡ 연남동데이트, 나들이 계획중이신가요?! 그럼 맛있는 음료와 디저트가 있는 이곳! 거기에 분위기까지 좋은 카페를 찾고 계시다면, 쉐프님의 정성이 한가득 담겨있는 수제디저트와 커피가 맛있는 연남동카페 라프하우스에 방문해보세요! 메뉴 하나하나가 정성가득에, 포토존까지! 그리고 맛까지 더해져 만족하실꺼에요! 라프하우스 완전완전 강추해요 ♡ 라프하우스 서울특별시 마포구 동교로32길 10 2층 라프하우스 0507-1389-7353 서울 마포구 동교로32길 10, 2층 (연남동) 매일 11:00~21:00 금,토 11:00~22:00 예약, 포장 가능 라프하우스(@rafhouse_seoul) • Instagram 사진 및 동영상 팔로워 499명, 팔로잉 2명, 게시물 45개 - 라프하우스(@rafhouse_seoul)님의 Instagram 사진 및 동영상 보기 www.instagram.com #연남동카페 #연남동케이크 #연남동디저트 #연남동데이트 #연남동커피 #연남동데이트코스 #연남동카페추천 #연남동디저트카페 #연남케이크 #연남동디저트맛집 #서울파블로바성지 #파블로바케이크 #라프하우스 #연남동라프하우스 #연남동까눌레 #연남동까눌레맛집 #연남동다쿠와즈 #연남동다쿠와즈맛집 #서이추 #서이추환영 #서로이웃 #서로이웃환영 #소통 #서이추해요 #좋아요 #서이웃 #서이웃환영"
[연남동] 파블로바 맛집 라프하우스(Raf Hause),"요즘 #해치지않아 를 열심히 본다. 왜냐면 울 할머니댁 옆이라서ㅎㅎ 근데 저번에 한지현 배우가 사왔던 #파블로바 를 보고 너무 먹어보고싶어서 맛집을 찾았는데, 계속 찾지 못하다가 주말에 우연히 발견한 # 연남동 #라프하우스 2층에 위치하고 있다. 그렇게 구석이나 깊은 곳에 있지 않아서 찾기 쉽다. 계단 올라갈 때 있는 라프하우스 포스터 사장님의 예술감각이 보인다. #청귤에이드 와 #석류팬지에이드 (각 6500₩) 석류팬지에이드는 시럽을 같이 주신다. 그리고 밑에 코코팜 젤리같은게 있다. 에이드는너무 달지도 않고 맛있었다:) 조명이 예뻐서 옆에 그림자도 예쁘게 나온다. 이게 그 파블로바!! (11000₩) 케이크같지만 빵부분이 머랭이다. 그리고 위와 안쪽에 생크림과 과일이 있는데 처음 먹어보는 식감과 맛이었는데 정말 맛있었다!! 과일도 싱싱하고 잘 익어있어서 맛있었고, 생크림도 너무 달지 않아 맛있었다. 하나 먹고 하나 더 시켜먹고 싶을 정도 세련된 디자인과 그에 뒤떨어지지않는 맛!! (어느 카페들은 디자인에만 치중하고 비싸고 맛 없는데 여긴 그렇지않다!!) 해치지않아를 보고 파블로바 맛집을 찾고계신다면 강추추 드립니다👍🏻 #연남동맛집 #연남동카페 #연남동파블로바 #홍대카페 #카페추천"
홍대/연남동 라프하우스 raf house,"연남동에 새로 생긴 카페인 라프하우스에 다녀왔다 5월에 가오픈해서 21년 5월 28일에 정식으로 오픈 한 곳인데 바로 다음날인 5월 29일에 다녀왔다 오픈한지 하루밖에 안 됐지만 주말이라 그런지, 가오픈 기간에도 입소문을 탔는지 만석이었다 라프하우스 서울특별시 마포구 동교로32길 10 2층 라프하우스 연남동 라프하우스는 트랜디하면서도 과거에 대한 향수를 일으키는 색감과 가구들로 인테리어 되어 있다 :) 유럽 풍 인테리어 스타일을 연남동이라는 지역에서 재해석한 느낌을 준다 클래식한 느낌의 가구부터 미래지향적인 느낌을 주는 투명한 물성의 가구까지 다양한 느낌의 가구들이 공간과 잘 어우러진다 좌석은 연남동에 있는 여타 다른 카페들과 비슷하거나 좀 더 협소한 정도. 카페 한 쪽에 있는 아크릴 오브제의 강렬한 색감이 카페 공간 한 구석에 포인트를 더하는 것 같다. 곰돌이 넘 귀엽..! 오후라 커피는 안 시키고 에이드 류와 말렌카케이크를 주문했는데, 말렌카케이크가 진~짜 맛있었다 말렌카케이크는 시트 사이사이에 꿀이 들어간 체코에서 유명한 케이크라고 한다. 말렌카케이크 자체를 처음 먹어봤는데 꿀이 들어가서 달달하고 쫀득한 식감이 내 취향이다 ㅎ.ㅎ 단 음식을 좋아하지 않으면 불호일 수 있겠지만 단 음식을 좋아하는 편인 나는 극호! 맛있는건 크게 봐야징 :) 파블로바케이크가 메인인 것 같던데 한번 더 방문해서 파블로바케이크도 먹어 봐야겠다 (파블로바케이크는 호주의 케이크라고 한다) 인테리어도 마음에 들고, 말렌카케이크가 핵존맛이라서 다른 메뉴들도 기대가 된다. 재방문 의사 9999999% ~이상 내 돈으로 사먹은 후기 끝~"
홍대 연남동 신상카페 디저트 파블로바 맛집 라프하우스,"홍대 연남동 신상카페 디저트 파블로바 맛집 라프하우스 ⓒ동몽 안녕하세요 동몽입니다 ! 연남동 신상카페 디저트 맛집 라프하우스 에 다녀왔어요 2층으로 올라가면 됩니당 메뉴가 다양하게 있는데 특히 고급지고 예쁜 디저트가 눈에 띄어요 +_+ 에끌레어는 주말에만 ! 저는 평일에 갔는데 당므에 주말에 에끌레어도 궁금하더라구요 스티커도 있어서 가져와봤어요 ㅎㅎ 까눌레도 있었구 홍대 연남동 신상카페 디저트 파블로바 맛집 라프하우스 연남동 신상카페 디저트 맛집 라프하우스의 인테리어도 보여드릴게요 +_+ 완전 딱 인스타갬성..!!! 분위기도 좋아요 포토존도 여기저기 있고 뭔가 저녁에 어두워지면 더 분위기 대박일 것 같음 그래서그런지 오픈한지 얼마안되었는데도 저희 오고나서 진짜 만석되었어요! 처음에 와서 앉아서 카운터쪽도 한번 찍어보았쥬 홍대 연남동 신상카페 디저트 파블로바 맛집 라프하우스 아이스아메리카노 밀크티 아이스 파블로바 파블로바는 계절과일로 토핑을 해주시는데 고를 수 있었어요! 키위, 망고, 포도 중에 고를 수 있어서 저희는 망고로 골랐어요! 비쥬얼도 대박이죠ㅠ_ㅠ 너무 고급스럽고 파블로바 처음 먹어보는거여서 기대기대 저도 아메리카노 잘 마셨구 친구도 밀크티 맛있게 잘 마셨어요 +_+ 홍대 연남동 신상카페 디저트 파블로바 맛집 라프하우스 데이트하러 오기에도 좋고 분위기 있게 카페 즐기러 오기에도 좋고 무엇보다 연남동에서 이렇게 고급스러운 디저트라니! 친구가 잘라줘서 찍어봤어요 ㅎㅎ 안에 더 뭐가 있더라고요! 파블로바는 겉에 큰 머랭 같은 느낌이라고 생각하시면 돼요! 그리고 안에는 매우 쫀득! 전체적으로 조화롭고 되게 맛있어서 다른친구에게도 추천해준 디저트와 카페! 연남동 라프하우스 인스타그램으로 더 참고해보세요 :) 라프하우스(@rafhouse_seoul) • Instagram 사진 및 동영상 팔로워 150명, 팔로잉 1명, 게시물 20개 - 라프하우스(@rafhouse_seoul)님의 Instagram 사진 및 동영상 보기 www.instagram.com 라프하우스 서울특별시 마포구 동교로32길 10 2층 라프하우스 연남동 신상카페 디저트 맛집 라프하우스 주소 : 서울 마포구 동교로32길 10 2층 전화번호 : 0507-1389-7353 영업시간 : 일요일~목요일 11:00 - 21:00 금,토요일 11:00 - 22:00"
연남동디저트 라프하우스 파블로바케이크 맛있는 연남동카페,"#서울파블로바성지 #연남동데이트코스 라프하우스 서울특별시 마포구 동교로32길 10 2층 라프하우스 홍대입구역 3번 출구에서 도보 5분 거리에 위치한 #연남동디저트 #라프하우스 방문하고 왔어요!! 라프하우스 0507-1389-7353 서울 마포구 동교로32길 10 2층 라프하우스 매일 11:00 - 21:00 무선 인터넷, 국민지원금 연남동 #파블로바케이크 디저트 맛집 찾아서 요즘 핫하다는 #연남동카페추천 라프하우스 연남동 홍반장순대국 맞은편 골목으로 들어가면 반짝거리는 건물 2층에 위치하고 있습니다 처음에 다른 곳으로 들어갈뻔 ㅎㅎ 라프하우스라고 입간판이 있어요 계단 올라가는 길부터 힙한 라프하우스 평일 주말 관계없이 진짜 핫한 곳 ㅠㅠ #연남동카페 벽면에 사진 찍기 좋은 공간이 있어서 포토존 셀카존으로 최고랍니다 ^-^// 한 쪽 벽면은 통유리창으로 되어 있어서 화사한 분위기도 연출하고 인테리어 자체가 홍대스타일처럼 힙하게! 느낌있게! 꾸며있어요 인스타갬성으로 공간만 막 찍어도 느낌 있죠 잠시 카페 내부를 구경하고 뷰가 좋은 통유리창 자리에 착석하고 주문했어요 연남동디저트 맛집이니까 디저트 주문필수 여느 카페에서 보기 드문 디저트 파블로바!! 겉은 바삭하고 속은 쫀쫀한 머랭을 베이스로 각종 과일을 곁들여 예쁜 모양에 먹기 아까운 디저트 파블로바 케이크를 여기선 먹을 수 있어요 주문시 라프하우스의 시그니처는 필수죠!! ㅎㅎ 저희는 라프라떼(6,500원) 바닐라라떼(6,000원) 파블로바(11,000원) 까눌레(3,000원) 주문했어요 느낌있는 힙한 카페나 식당에 가면 준비되어 있는 스티커,, 다들 아시죠? 라프하우스 들리면 꼭 챙기세요!! >0< 주문한 메뉴가 한번에 짜잔하고 나왔는데 갑자기 친구가 데이지꽃 인형을 선물로 줘서 너무 감동적이었고 메뉴랑 같이 찍어봤어요 연남동디저트 라프하우스에도 같은 인형이 있더라고용 신기방기~~~ 먹기 아까웠던 겉바쫀쫀 파블로바케이크 연남동디저트 맛집이라면 이런 메뉴는 주문 필수 아니겠습니까~~ >0< 파블로바 케이크(11,000원) 무화과, 사과, 포도 등 각종 과일이 곁들여진 서울파블로바케이크 맛집 연남동 라프하우스 디저트 가격이 아깝지 않을 정도에요 대표님이 쉐프출신이셔서 모든 디저트가 수제고 플레이팅까지 완벽 그자체랍니다 입안가득 디저트가 사르르 녹는데 파블로바 이래서 다들 찾는구나... 폭신한 케이크를 찾는다면 추천드려요 일반 머랭이랑 차원이 다른 맛,, 겉 바삭, 속 쫀득 머랭케이크 무족권입니다 까눌레(3,000원) 주름이 예쁘게 잡힌 프랑스식 디저트 진한 바닐라향이 났던 까눌레인데 이 디저트는 겉은 바삭하고 살짝 단단? 속은 완전 촉촉 그자체 느낌이에요 휘낭시에 좋아하시는 분들은 까눌레도~ㅎㅎ 연남동디저트 라프하우스는 겉바속촉 디저트가 최고인 곳이에요!! 라프라떼(6,500원) 맛있는 오렌지라떼 맛집 라프하우스 오렌지 껍질 향이 풍부하게 나고 고소함이 느껴져서 상큼하고 향긋했던 맛있는 라프하우스 시그니처 라떼 바닐라라떼(6,000원) 디저트가 대체적으로 달았는데 생각보다 달지 않아 무난하게 먹을 수 있었던 라떼 연남동디저트 찾는다면 라프하우스! 라프하우스에 왔다면 라프라떼, 파블로바 필수 플레이팅 너무너무 예쁜 디저트맛집 라프하우스(@rafhouse_seoul) • Instagram 사진 및 동영상 팔로워 497명, 팔로잉 2명, 게시물 45개 - 라프하우스(@rafhouse_seoul)님의 Instagram 사진 및 동영상 보기 www.instagram.com"
연남동카페 라프하우스 디저트맛집,연남동에서 밥을 먹고 근처에 디저트가 맛있는 연남동카페가 있다고 해서 들른 라프하우스 ! 라프하우스 서울특별시 마포구 동교로32길 10 2층 라프하우스 연트럴파크 사거리 근처에 있어서 연남동데이트 할 때 들르기 딱 좋은 위치에 있다. 홍대역 3번 출구에서도 도보로 5분 정도 거리에 위치해서 접근성도 좋은 연남동카페 ! 내부는 감각적이고 힙한 느낌 ! 여기는 연남동카페 중에서도 디저트가 유명한 곳인데 대표님이 쉐프 출신이라 모든 디저트를 수제로 직접 만들고 플레이팅까지 비주얼이 대박이다. 디저트도 일반적인게 아니라 파블로바케이크나 말렌카케이크 같은 특이한 디저트 메뉴들을 맛볼 수 있다. 파블로바케이크는 밀가루없이 머랭케익에 마스카포네크림과 제철과일이 듬뿍 올라간건데 우리가 갔을땐 솔드아웃이라 말렌카케익을 주문하고 핑크티와 라프라떼를 주문했다. 2층에 위치한 연남동카페라 통창 밖으로 보이는 뷰도 정말 예뻤다 ! 여기저기 예쁜 소품들도 많고 인테리어가 전체적으로 힙한 느낌이라 딱 인스타 감성의 연남동카페다. 연남동디저트 전문점답게 비주얼 대박이었던 연남동카페 라프하우스 ! 내부 인테리어나 분위기도 좋고 케익들도 맛있어서 연남동데이트를 하는 커플 손님들도 많았다. 이게 라프라떼인데 라떼크림 위에 가루로 라프하우스 마크를 예쁘게 표시했다. 이 크림도 일반 크림이 아니라 오렌지 크림이라 상큼하고 부드러운 맛이 인상적이었다. 달달한게 땡길때 완전 좋을것같은 말렌카케이크 ! 달달한 꿀케익 같기도 하고 케익시트가 층층이 레이어드 되어있어 식감도 폭폭하니 좋은데 크림이랑 어우러져서 조화가 좋았다. 핑크티는 새콤달콤한 맛 ! 이미 점심을 먹고 배부른 상태에서 간거라 디저트는 따로 안먹으려고 했는데 너무 맛있어보여서 주문했다가 진짜 맛있어서 다 먹어치우고 왔다 ^ㅠ^ 수준급의 케익을 맛볼 수 있는 예쁜 연남동카페를 찾는다면 추천 ! #라프하우스
"연남동 카페 ㅣ 머랭 케이크 파블로바가 유명한, <라프하우스>","연남동 카페 ㅣ 머랭 케이크 파블로바가 유명한 <라프하우스> 출처 : 라프하우스 홈페이지 라프하우스 요약 : 커피 한잔할 곳을 찾던 중 발견한 라프하우스. 가까워서 들어갔는데, 알고 보니 머랭케이크, 파블로바가 유명한 집이었다. 지금 날씨엔 아이스 파블로바도 좋아 보이는 곳. 여긴 나중에 디저트 먹으러 가보고 싶은 집. 주소 : 서울 마포구 동교로32번길 10 2층 라프하우스 영업시간 : 매일 12:00 ~ 21:00 전화 : 0507-1389-7353 라프하우스(@rafhouse_seoul) • Instagram 사진 및 동영상 팔로워 911명, 팔로잉 3명, 게시물 123개 - 라프하우스(@rafhouse_seoul)님의 Instagram 사진 및 동영상 보기 www.instagram.com 올해 4월 말에 다녀온 연남동 카페 <라프하우스>. 원래 가려고 했던 곳은 아니었고 연남동에서 다음 약속시간까지 1시간가량 붕 떠버려서 커피 한잔 마시며 시간을 보낼 곳을 찾던 중 바로 옆에 라프하우스가 보여 들어가게 되었다. 연남동에서 커피 마실 곳을 찾고 있었는데 그때 내 눈에 딱 들어온 라프하우스. 라프하우스는 건물 2층에 있었는데, 디저트 포스터가 강렬해 이끌리듯 가게 되었다. 정면에 딱 보이는 디저트 포스터. 처음엔 파블로바란 생각은 하지 못했고 수플레 팬케이크인가 했는데 자세히 보니 몽실몽실한 수플레와는 질감 느낌이 달라 보여 호기심에 가보게 되었다. 나는 4월 말에 갔다 왔는데 당시는 딸기가 많이 나올 때라 그런지 위에 딸기가 올라간 파블로바 포스터가 붙어있었다. 매장은 전체적으로 깔끔한 분위기였는데, 한쪽 벽에 붙은 파블로바 대형 포스터가 공간의 포인트를 주는 것 같았다. 이걸 보니 누가 말하지 않아도 이 집의 시그니처가 파블로바라는 걸 알 것 같았다. 라프하우스 메뉴판. 파블로바 케이크는 주문 후 메뉴 완성까지 10분에서 15분 정도 소요가 되며 파블로바, 머랭롤라드 등 모든 디저트는 전문 조리사가 조리한다고. 커피는 아메리카노 위에 수제 오렌지크림이 올라가는 오렌지 비엔나 라프커피가 시그니처였는데 커피에 오렌지가 들어가면 맛이 경쾌해지는 느낌이라 이 커피도 맛있을 것 같았다. 출처 : 라프하우스 인스타그램 바로 이 커피가 라프하우스 시그니처 음료 라프커피. 맛이 좀 상상이 가기도 하고 맛있을 것 같은데 다음에 또 약속이 있다 보니 아이스 아메리카노로 주문했다. 디저트는 겉은 바삭하고 속은 쫀득한 머랭케이크에 마스카포네 크림과 제철 과일이 들어가는 파블로바 케이크가 대표 메뉴였고 그 외 머랭을 말아 만든 롤케이크, 머랭롤라드. 겹겹이 쌓아올린 페스츄리 안에 꿀과 크림이 들어간 나폴레옹 페스츄리 그리고 말렌카케이크가 준비되어 있었다. 지금은 바닐라 아이스크림과 구슬아이스크림이 들어간 아이스 파블로바도 추가! 내가 주문한 아이스 아메리카노. 평일 오후라 연남동이 덜 복작거렸는데, 카페서 골목길을 내려다보고 있으지 진짜 여유롭게 휴식을 하는 것 같았다. 시원한 커피가 마시고 싶었는데, 쪽쪽 빨아올리기 좋은 시원한 커피. 이날 휴가였는데 라프하우스 덕분에 붕 뜬 시간을 힐링하며 보낼 수 있었다. 기회가 된다면 라프하우스는 다시 한번 가보고 싶은데, 만약 다시 간다면 그때는 카페의 시그니처 메뉴인 파블로바를 꼭 먹어보고 싶다. 라프하우스 서울특별시 마포구 동교로32길 10 2층 라프하우스"
연남동 카페 | 라프하우스 (RAFHOUSE),"#연남동카페 #라프하우스 (RAFHOUSE) 인테리어부터 개성 있는 연남동 카페가 오픈했다는 소식에 연남동 약속을 잡고 만나자마자 먼저 간단하게 밥부터 먹고 디저트를 먹으려고 왔다. 라프하우스는 감각적인 인테리어부터 라인업 디저트마다 맛있다고 해서 기대가 높아졌다. 연남동 카페는 지하철 2호선, 공항철도 홍대입구역 3번 출구에서 도보 5분이면 도착했다. 주말에 연남동 카페는 어디를 가도 웨이팅이 있어서 혹시 웨이팅 해야 될까봐 걱정했는데 애매하게 밥 시간에 오니까 웨이팅 없이 들어왔다. ""coexistence by respect"" ""존중에 의한 공존"" 라프하우스의 철학 및 슬로건으로 항상 손님을 먼저 존중하는 연남동 카페가 되겠다고 했다. 라프하우스 메뉴판을 봤을 때 흔하면서 흔하지 않은 시그니처 메뉴가 대부분이라서 메뉴가 많지 않아도 어떤 메뉴를 먹을지 선택 장애가 왔다. 같이 온 동생이랑 나눠서 먹기로 하고 연남동 카페 시그니처로 보이는 메뉴들로 주문했다. 연남동 카페 사장님은 쉐프 출신이라서 판매하는 디저트를 하나부터 열까지 직접 만드셨다. 라프하우스 디저트가 맛있기도 했지만 플레이팅을 보고 예사롭지 않다고 생각했는데 역시! 출신부터 남달랐던 사장님 손길이었다. 화장실이 건물 공용이 아닌 라프하우스 안에 있어서 보다 청결하게 사용 가능하니까 좋다. 밖에서 화장실을 잘 다니지 않는지만 가끔씩 다닐 때 더러운 공용 화장실을 보자마자 다시 나올 만큼 다른 건 몰라도 화장실은 청결해야 된다. 조명을 밝지도 어둡지도 않게 하니까 연남동 카페 분위기에서 깊이감이 있도록 느껴졌다. 연남동 카페 분위기에 어울리게 인테리어가 힙했다. 개성있는 인테리어라서 찍는 공간마다 포토존이 됐고 sns 사진을 찍기에 최적화되어 있다. 깔끔한 인테리어가 개성있는 소품들로 포인트를 줬는데 덕분에 독특한 분위기가 연출됐다. 하리보 젤리를 떠올리게 하는 곰돌이는 귀여움 담당 전체적으로 화이트 톤을 중심으로 인테리어 가구 및 소품을 이용해 컬러 포인트를 줬는데 다양한 컬러를 사용했는데도 조화롭게 어우러졌다. 사이즈가 큰 포스터 또는 사진이 인테리어 소품으로 있고 없고 차이는 하늘과 땅 차이다. 라프하우스에서 앉고 싶었던 자리에 다른 손님들이 앉아 계셔서 아쉽지만 앉을 수 없었고 밝아 보이는 창가쪽에 자리를 잡았다. 연남동 카페에서 우리가 주문한 메뉴는 라프라떼 (6,500원) 핑크티 (6,000원) 파블로바 (11,000원) 다쿠와즈 (4,000원) 연남동 카페 시그니처 메뉴로 궁금해서 주문한 라프라떼는 쉽게 말해서 오렌지 라떼였는데 오렌지라떼는 아르코에서 마셔본 뒤로 어떤 카페에서도 마셔본 적이 없어서 더 궁금했다. 레몬 진저 맛인 핑크티는 라프하우스의 특별한 블렌딩티로 은은한 차향과 상큼한 과일들이 더해져 더운 여름에 마시기에 딱 좋다. 연남동 카페에 왔을 때 먹어야 되는 추천 디저트를 파블로바라고 할 수 있는 만큼 맛부터 플레이팅까지 만족했고 입과 눈이랑 함께 먹었다. 파블로바 케이크는 딸기 시즌이 아니라 제철 과일인 무화과랑 천도 복숭아로 완성이 됐다. 천도복숭아는 유기농 설탕과 화이트 와인을 이용해 콩포트로 만들어 파블로바에 올렸다. 다쿠와즈는 상큼한 레몬맛과 단짠으로 흑임자맛이 준비되어 있었고 단짠 매력에 끌려서 흑임자 다쿠와즈를 골랐는데 탁월한 선택이었다. 다쿠와즈는 샌드 필링도 물론 중요하고 마카롱처럼 식감이 중요한 디저트라고 생각하는데 부드러운 필링이랑 쫀득한 시트가 함께 어우러졌다. 흑임자 다쿠와즈를 한입 먹어보니까 포송한 식감 뒤에 곧바로 쫀득한 식감이 따라왔다. 구움과자 전문점이 아니면 이렇게까지 다쿠와즈가 맛있기 어려운데 라프하우스 사장님이 쉐프 출신답게 만드는 디저트마다 수준급 이상이다. 라프하우스 시그니처 커피 라프라떼도 마시고 싶고 파블로바도 먹고 싶은데 달달하니까 걱정됐지만 먹어보니까 걱정과 달리 두 메뉴 조합이 생각보다 나쁘지 않아 맛있게 먹었다. 파블로바 케이크는 무엇보다 머랭이랑 크림 조합이 중요한데 한입 먹자마자 녹아 내리는 머랭부터 달달하고 담백한 크림이 찰떡 궁합이었다. 밥을 먹고 와서 배불렀는데도 이상하게 파블로바는 먹어도 먹어도 배부른 느낌이 없었다(?) 1인 1파블로바를 먹었어도 괜찮아겠다. 라프하우스 로고가 새겨진 라프라떼는 시그니처이자 베스트 메뉴라서 궁금했던 메뉴였다. 오렌지 라떼를 아르코에서 마셔본 만큼 자연스럽게 비교 될 수 밖에 없는데 연남동 카페에서 마셨던 오렌지 라떼는 오렌지향과 함께 커피향이 잘 어우러졌고 거부감 없이 맛있게 마셨다. 주문한 메뉴마다 성공적으로 맛있어서 연남동 카페를 다음에도 재방문 해도 괜찮겠다 싶다. 라프하우스 (RAFHOUSE) 주소 서울 마포구 동교로32길 10 2층 전화번호 0507-1389-7353 영업시간 일-목 11:00~21:00 금-토 11:00~22:00 주차 주차 불가 라프하우스 서울특별시 마포구 동교로32길 10 2층 라프하우스"
연남동디저트카페 데이트장소로 딱인 라프하우스,"연남동디저트카페 라프하우스 동교로32길 10 오랜만에 '박보영'모임 + _ +♥ 끼야아악 이게 얼마만이야아. 나랑 언니들 백신 2차까지 다 맞고, 마음만은 든든하게 모였다.ㅋㅋ 퇴근하자마자 연남동 고고씽@ 연남동 라프하우스 커피숍! 곧 있으면, 할로윈이라 붉은빛이 우릴 반겨주고 있었고 2층으로 올라갔다 :-) 아메리카노랑, 청귤 에이드 그리고 언니가 너무 먹고 싶었던 말렌카 시나몬이랑, 과일 크루아상을 주문했다 :-)♥ 파블로바케이크나, 말렌카케이크같은 수제 디저트를 파는 집이 연남동에 많지 않아 디저트 고르는 재미가 너무 좋았다. 원래 빨간 불빛인 것인가 아님 할로윈 컨셉인것인가. 아무튼 ㅋㅋ 어둑어둑한 분위기 느무 좋다 ♥ 수다떨기 딱 좋은 라프하우스의 분위기. 아이스 아메리카노(5,000원) 청귤 에이드(6,500원) 말렌카(시나몬/7,000원) 과일 크루아상(6,800원) 세명인데 디저트 2개 해서 까눌레는 서비스로 주신 사장님. 아니,,, 이렇게 서비스 주시면 정말 감사합니다 ㅠㅠㅠ♥ 자주 올게요!!!! 말렌카 케이크는 설탕이랑 시럽이 들어가 있지 않고 꿀을 사용해서 은은한 달달함이 일품인 디저트. 정말 계속 손이 가서 무서운 케이크다 ㅠㅠㅠㅠ)bbb 말렌카에 크림 데코까지.. 정말 최고. 그리고 서비스로 주신 눈까눌레까지 ♥ 꺄아아아- 이걸 어떻게 먹어 해놓고 3등분으로 나눠 먹은 잔인한 녀자들,,, 내가 먹은 청귤 에이드는 단맛이 많지 않아 상큼하게 먹기 너무 좋았다. 원래 디저트엔 아메리카논데 언니들이 둘 다 아메를 시켜서 블로거로써 다른 걸 시켜보고자 오랜만에 먹은 에이드! 졸맛탱 i - i)bbb ㅋㅋㅋㅋㅋㅋㅋㅋ 원래 블로거의 삶이란 이런 것, 님들 청귤 에이드는 이렇답니다? 아메는 안땡기고 상큼한 게먹고 싶다면 추천! 꺄아-♥ 디저트는 주문한 2개 포함 서비스로 받은 까눌레까지 무조건 추천 특히 까눌레 ㅠㅠㅠ 졸맛탱,,, 나 원래 까눌레 싫어하는데 너무 맛있었다 ♥ 라프하우스 서울특별시 마포구 동교로32길 10 2층 라프하우스 ☎ 0507-1389-7353 연남동디저트카페 라프하우스 영업시간 월-목 11:00-21:00 금, 토 11:00-22:00 라프하우스(@rafhouse_seoul) • Instagram 사진 및 동영상 팔로워 497명, 팔로잉 2명, 게시물 50개 - 라프하우스(@rafhouse_seoul)님의 Instagram 사진 및 동영상 보기 www.instagram.com"
[연남동 디저트] 라프하우스: 쉐프출신 ceo가 만든 수제디저트,"헬로헬로 잇님들! 여의도직딩 펄피치에요^ 간만에 신랑이랑 연남동 데이트코스로 밥 먹도 연남동 디저트 맛보러 라프하우스 다녀왔어요. 세상 힙 했던 디저트며 커피 동영상 보고 가실게요. 연남동은 연트럴파크 걷기만 해도 기분이 참 좋아지는 곳이에여. 그럼 연남동 디저트 맛집 찾으러 고고씽 연남동 디저트 라프하우스 위치 라프하우스 서울특별시 마포구 동교로32길 10 2층 라프하우스 연남동 디저트 라프하우스는 연트럴파크 사거리 근처에 위치해있어요. 홍대역 3번출구에서 약 5분정도 걷다보면 보인답니다. 라프하우스는 2층에 위치해있는데요, 창이 통 창이다보니 가시성이 좋았고 뷰맛집이더라고요. 연남동 디저트 맛집이라 소문나서 저희도 찾아가봤는데요. 오후3시라 사람없을줄 알았는데 왠 걸;; 자리가 모두 만석이었어요. 조금 기다리니 금방 자리가 나서 드디어 착석완료! 레트로풍인듯 하면서도 모던한 느낌인듯 하면서도 여러모로 힙한 요소를 구석구석에 담고있다보니 인사트갬성으로도 좋더라고요. 펄피치도 블로그 포스팅을 하겠다는 강한 의지를 갖고 ㅋㅋ 사진을 찍었답니다. 저희는 조용한 구석자리에 자리를 잡았는데요, 옆에 조명 모이시죠? 은은한 조명빛때문에 사진도 잘 나오고 연남동 디저트도 훨씬 먹음직스러워보이더라고요. 사장님이 그림에 조우가 있으신지... 여기저기 근사한 그림들이 많았어요. 그리고 화장실 깨끗해요!!!(매우중요) 연남동 디저트 라프하우스 메뉴 및 가격 라프하우스는 쉐프출신 대표님께서 직접 수제로 디저트 만드는 곳으로 유명해요. 특히 파블로바케이크며 말렌카 케이크며 다른대서는 쉽게 접하기 어려운 연남동 디저트라 기대가 무~~척 많이 되었어요. 펄피치는 이곳에서만 먹을수 있는 메뉴 위주로 주문해보았는데요. 라프라떼(오렌지라뗴), 밀크티, 그리고 디저트는 고민끝에 말렌코 초코로 주문해보았어요. 주문하게 되면 음료가 먼저 준비되는데요. 밀크티는 적당한 당도에 맛이 참 깔끔했어요. 가끔 너무 달다구리 밀크티 마시면 특유의 홍차향을 못느끼는 곳도 많은데 연남동 디저트 밀크티는 단맛이 상대적으로 절제되어있어 은은한 고유의 밀크티맛을 즐기기에 좋았어요. 또 별도의 보틀에 담겨나와 마실만큼만 조금씩 따라 마실수 있는점도 좋았어요. 가끔 얼음이 너무 빨리녹아 물탕스럽게 마실때가 잇는데(제가 마시는 속도가 좀 느린지라..) 연남동 디저트 맛집에선 그런 고민 노노~ 오늘의 하이라이트는 오렌지크림이 올라간 오렌지라떼인 라프라떼에요. 시그니처 메뉴랍니다. 왜 예전에 슈퍼커피라고 오렌지라떼로 유명한곳요. 그런류의 커피와 느낌이 좀 달라요. 뭐랄가..오렌지 크림 아인슈페너?? 어떤 느낌인지 오시죠? 일반 라떼와 다르게 오렌지 크림이 살포시 올라와 있었고 특히 말린 오렌지 청크가 뿌려져있어 마실때 하나씩 씹어먹으면 오렌지 특유희 향긋함도 함께 즐길수 있었어요. 밀크티는 별도의 얼음잔도 제공이 된답니다. 보기만 해도 스페셜한 느낌이 들었던 라프라떼. 크림이 너무 꾸덕하지도 않고 그렇다고 묽지도 않고 핫 커피에 즐겨마시기에 적당한 텍스쳐 폼이었어요. 컵이 좀 작아서 양이 적은 느낌이었는데 커피맛 자체가 진하디 진해서 양은 충분하답니다. 다음은 펄피치 강추 픽!!이건 꼭 먹어봐야해 템 말렌카 케이크에요. 비쥬얼부터 완전 압살. 말렌카 케이크는 설탕이나 시럽사용이 아니라 꿀??을 사용한 듯한 은은한 단맛이 일품이었어요. 제가 주문한건 초코맛이다보니 코코아 파우더가 옴팡 뿌려진 느낌이었고요. 또 크림데코로 비쥬얼도 먹음직 스럽게 플레이팅 되었더라고요. 역시 쉐프님 출신답다.. 너무 맛있었어요 ㅠㅠ 신랑이 얘 왜 는 JMT냐며 눈치게임하듯 서로 서로 손이 빨라지며 한조각이라도 더 먹으려 난리었어요. 말렌카케이크 또먹으로 또가고 싶어요. 그리고 심플한듯하지만 왜 때문에 접시와 말렌카 케이크 조화기 이렇게 잘 이뤄지는거냐며... 그냥 먹어도 맛있는데 연남동 디저트 꿀팁을 드리자면 생 로즈마리잎은 한 잎 한 잎 분해해서 크림위에 올려놓았고요 케이크 한 입과 크림믹스, 그리고 생 로즈마리 함께서 한 입 먹으면 와 이 맛은 무엇?? 굉장히 달콤한데 달지않아요.. 그런데 끝맛은 깔끔하게 로즈마리향이 은은히 올라와요. 요 로즈마리 있고 없고 은근 맛차이 달라요. 케이크 단면은 겹겹이 크림이 들어가있고요. 쌉쌀한 커피랑 같이 드시기에 정말 딱이었어요. 겹겹이 살아있다보니 케이크식감도 퍽퍽하지 않고 굉장히 부드럽지만 또 씹는맛이 났어요. 케이크는 말할것도 없고 라프라떼까지 올클리어 했지 모에요? 커피 즐기러갔는데 맛있어서 커피며..디저트며 순삭해버린 나란뇨자..ㅋㅋ 이렇게 먹방겸 연남동 데이트까지 클리어하게 마무리 완료^^ 이상으로 소소하게 힙플레이스 투어했던 연남동 디저트 맛집 마칠게요~ #연남동카페 #연남동케이크 #연남동데이트코스 #연남동디저트맛집 #라프하우스 #연남동카페추천 #연남동디저트"
연남동 카페 라프하우스 분위기 좋은 카페,라프하우스 서울특별시 마포구 동교로32길 10 2층 라프하우스 위치 서울 마포구 동교로32길 10 영업시간 토~목요일 11:00 - 21:00 금요일 11:00 - 22:00 연남동맛집 수상한키친에서 점심을 먹고 카페에 가기 위해 연남동 카페를 찾다 연남동 카페 라프하우스 분위기 좋은 카페를 발견해서 라프하우스로 출발~! 연남동 카페 라프하우스 건물 앞이에요~ 연남동 카페 라프하우스 분위기 좋은 카페 2층에 위치해있어서 줌을 당겨 찰칵! 연남동 카페 라프하우스 분위기 좋은 카페 건물 앞 팻말에 2층이라고 적혀있네요~ rafhouse_seoul 인스타 연남동 카페 라프하우스 분위기 좋은 카페 2층으로 올라가는 통로에 분위기 있게 인테리어 되어있네요~ㅎㅎ 연남동 카페 라프하우스 분위기 좋은 카페 들어오니 인테리어가 좋고 분위기가 좋아요! 전체적으로 이런 느낌이에요 ㅎㅎㅎ 분위기 있고 고급스러운 느낌! 연남동 카페 라프하우스 분위기 좋은 카페 이쪽 부분은 흰색으로 깔끔하게 인테리어 되어 있고 아기자기한 소품들로 조화롭게 잘 해놨어요 ! ㅎㅎ 연남동 카페 라프하우스 분위기 좋은 카페 테이블마다 디자인이 달라요ㅎㅎ 이 테이블은 쇠로 되어있네요~ㅎㅎ 저기 곰돌이도 보여요 ㅎㅎ 가까이에서 와서 곰돌이를 촬영했어요! 귀여운 곰돌이가 혼자 서있네요 ㅎㅎㅎ 연남동 카페 라프하우스 분위기 좋은 카페 여기에 자리를 잡았어요~ 의자가 은근히 편하고 유리 테이블이라 사진 찍기 좋았어요 ^^ 연남동 카페 라프하우스 분위기 좋은 카페 벽에 책들로 인테리어 되어있어요~ 저도 집에 이런 식으로 디자인하고 싶어지네요 연남동 카페 라프하우스 분위기 좋은 카페 이 테이블은 꽃병도 있고 액자도 걸려 있어 고급스러운 테이블 느낌이에요~ ㅎㅎ 창가도 바로 옆에 보이고 ㅎㅎ 연남동 카페 라프하우스 분위기 좋은 카페 구석에 귀여운 거울이 놓여있어요 ㅎㅎ 귀여운 곰돌이도 있네요 ^^ 연남동 카페 라프하우스 분위기 좋은 카페 카운터를 찍어봤어요 ~ ㅎㅎ 라프하우스 카페 분위기에 맞게 깔끔하게 카운터를 만들어놨네요 ! 연남동 카페 라프하우스 분위기 좋은 카페 메뉴판이 이런 식으로 되어있네요ㅎㅎ 여러 종류의 메뉴들 있어요 ㅎㅎㅎ 맛있어 보이는 디저트들 ^^ 사진도 옆에 있어서 보기 좋네요! 아메리카노와 석류팬지에이드를 주문했어요! 연남동 카페 라프하우스 분위기 좋은 카페 까눌레세트가 카운터에 놓여있었어요 맛있어 보였는데 친구가 맛있다고 해서 바로 까눌레를 주문했어요~ㅎㅎ 한 번도 못 먹어봐서 맛이 궁금! 연남동 카페 라프하우스 분위기 좋은 카페 아메리카노와 석류팬지에이드 그리고 까눌레 2개가 나왔어요 ~ㅎㅎㅎ 보기만 해도 너무 맛있어 보여요 ^^ 연남동 카페 라프하우스 분위기 좋은 카페 아메리카노와 석류팬지에이드 그리고 까눌레 2개가 나왔어요 ~ㅎㅎㅎ 보기만 해도 너무 맛있어 보여요 ^^ 연남동 카페 라프하우스 분위기 좋은 카페 석류팬지에이드에요~ㅎㅎㅎ 보기만 해도 맛있어 보이는 석류팬지에이드 진짜 시원해 보이고 빨리 먹고 싶었어요! 연남동 카페 라프하우스 분위기 좋은 카페 석류팬지에이드에 시럽을 넣었어요 ㅎㅎ 밑에 보라색 층이 생겼어요! 달달하고 석류의 맛이 깔끔했어요 ㅎㅎㅎ 연남동 카페 라프하우스 분위기 좋은 카페 맛있어 보이는 작은 까눌레에요 ㅎㅎ 까눌레 세트예요! 연남동 카페 라프하우스 분위기 좋은 카페 까눌레를 반으로 잘랐어요 ㅎㅎ 연남동 카페 라프하우스 분위기 좋은 카페 까눌레 세트를 나이프로 먹기 좋게 잘랐어요~ 연남동 카페 라프하우스 분위기 좋은 카페 까눌레 속이 부드럽고 밖은 조금 딱딱했어요! 연남동 카페 라프하우스 분위기 좋은 카페 까눌레를 처음 먹어봤는데 왜 사람들이 까눌레를 먹는지 알겠더라고요 ㅎㅎ 겉은 딱딱하고 속은 부드러워서 너무 맛있었고 양이 적어서 아쉬울 뿐 ㅠㅠ
"연남동 카페 '라프하우스', raf house",#홍대입구역#연남동#카페#라프하우스 연남동에 새로운 카페가 개업한다는 소식에 다녀왔다. 사실 전 포스팅의 연남방앗간 갔던날에 방문해었다 가게규모는 작아보였고 간판도 작아서 처음에는 눈에 띄질 않아 찾기 힘들었다ㅋㅋㅋ 라프 하우스 흠 2층에 위치하고 있고 주차장은 역시 없다ㅠㅠ 밖 큰길의 공영주차장을 이용하면 될듯하다!! 2층으로 올라가면 통유리로 내부가 훤히 보이고 갤러리에 온것처럼 조명이 비추고 있었다 작은 공간이지만 사이드로만 테이블을 놓고 있어 불편하지 않았다 비오는날 극혐이다 진짜.. 위의 오른쪽 사진 좌석은 좀ㅋㅋㅋㅋ 처음보는 의자였다 뭔가 불편한듯 편한듯... 신기했음 커피내리는 모습도 개방되어있었고 주문은 카운터에서 하면 바로 제조해주신다! 메뉴 보이나?ㅋㅋㅋㅋ 아메리카노가 5000원이라는 함정이 있다만 연남 클라스 다그런거아니겠뉴.. 작은공간이지만 공간활용을 잘했따 연남동 카페 '연남방앗간 x 카페소희' #연남동#연남방앗간#카페소희#인스타#유튜브#카페#후기 아는 지인의 지인이 짧은 시간동안 개발한 메뉴를 ... blog.naver.com
연남동 갬성 카페 라프하우스 < RAFHAUSE >,"안녕하세용 ㅎ꙼̈ㅎ̄̈ 오랜만에 하는 블로그 포스팅이네요〰 오늘은 저번에 친구들과 다녀온 연남동 갬성카페 ""라프하우스""에 대한 포스팅입니당!! 입구 쪽에는 바다?물?을 연상하게 하는 포스터가 있고 그 옆엔 요즘 핫한 아이템인 터프팅 거울이 요렇게 있답니다!✨ 예쁜 거울을 보면 그냥 지나칠 수 없는 저는 바로 찰칵 했죠 ㅎㅅㅎ 컬러풀한 인테리어 소품들도 있구요 중간에 있는 파란곰돌이도 너무 귀여웠어요🧸💙 드디어 주문한 음료 등!장!👏 민초파인 저는 민트초코 쉐이크를 주문했습니당 한 입 먹고 너무 맛있어서 감격의 눈물이,,🤭🤭 민초파이신분들 저기 가시면 저거 꼭 드세요!! 다른 음료들도 다 맛있었어요 ㅎ꙼̈ㅎ̄̈ 요런 장식물도 있구 편해보이는 소파자리랑 ꕤ 곳곳에 거울이 많아서 사진 찍기도 너무 좋았어요!! 여기는 카운터에용 ㅎ 요즘 시국에 필수인 손소독제와 물티슈~ 보정을 너무 어둡게해서 잘안보이긴 하지만.. 사진이 이거 뿐이네요 😹 요기도 거울 ㅎ꙼̈ㅎ̄̈ 저 같은 거울샷 중독자들에겐 천국이 따로 없습니당 ㅋㅋㅋ 이런 키치&빈티지한 스티커들도 있더라구요!! 너무 기엽죠ㅜㅜ 잊을 만 하면 등장하는 거셀.. Gaemsung,,✨ 올라가는 계단마저도 요렇게 힙한 포토존!! 간식으로 길냥이 유혹하기 🐈💕 가는 길에 그랑핸드 매장도 방문했습니당 그랑핸드 매장에서 카페까지는 도보로 15분 정도 걸렸던 것 같아요!! 구경하고 싶으신분들은 여기도 들렸다 가시면 좋을 것 같아용~ 마지막은 제 사진으로 마무리 ㅎㅎ꙼̈ㅎ̄̈ 포스팅 읽어주셔서 감사합니다!! #연남동 #연남동맛집 #연남동카페 #상수카페 #그랑핸드 #그랑핸드홍대 #라프하우스 #연남라프하우스 #연남카페 #홍대카페"
연남동카페 커피와 디저트 | 라프하우스,"오늘은 연남동카페에서 언니랑 만나서 디저트를 먹기로 했다. 홍대역 3번출구에서 도보로 약 5분 거리의 연트럴파크 사거리 근처에 있는 2층 카페. 건물 자체도 신축이라 그런지 예뻤다. 합한 실내와 노래선곡도 좋았다. 왔을때 할로윈 주라 으스스한 분위기가 난다. 감각적이고 감성있는 인테리어. 인스타 감성이라 또 스토리로 올렸다. 2층에 위치해서 통유리창으로 밝은 빛이 들어온다. 사진찍기 좋은 자리에 앉았다. 우리 자리에는 거울도 있어서 포토존 느낌쓰. 사장님이 쉐프출신이셔서 모든 디저트가 수제이고 플레이팅도 예쁘다. 지금은 할로윈분위기에 맞게 플레이팅이 나오는 거 같다! 파블로바케이크, 말렌카케이크와 같은 흔하지 않은 수제 디저트로도 유명하다. 우리는 디저트와 음료를 주문했다. 바닐라라떼 6,000원 아메리카노 5,000원 미라다쿠아즈(황치즈) 3,800원 눈깔룰레 3,000원 케이크 먹고싶었는데 좀 가벼운 디저트인 까눌레와 다쿠아즈를 선택했다. 디저트와 음료가 나왔다. 사진찍어야하는 디저트 플레이팅. 귀여운 다쿠아즈와 까눌레 !! 다쿠아즈는 폭신한 시트에 상큼한 레몬필링,황치즈 필링으로 채운 프랑스디저트이다. 시트가 꾸덕하고 쫀득해서 맛있었다. 황치즈필링도 단짠단짠 좋았다. 이제 까눌레를 짤라보았다. 겉면은 카라멜화되어 검고 두꺼운 반면, 속은 촉촉하고 부드러운 커스터드맛이 난다. 까눌레 만들기 어렵던데.. 겉바 속촉으로 달달하면서 폭신하다. 맛있어서 금방 순삭했다! 여기 연남동디저트뿐아니라 음료도 맛있다. 내 인생 바닐라라떼를 만났다!! 바닐라라떼가 바닐라향 커피맛이 진하고 달달해서 완전 내 취향 아니 화장실 가려고 왔는데 무서워서 놀랬다. 화장실이 붉은 조명이라 더 으스스한 분위기.. 할로윈을 느낄수 있던 연남동디저트 카페ㅋㅋ 테이블도 의자도 나무라 좋았던 우리 자리. 나중에는 좀 배고프게와서 케이크랑 먹고싶다.. 바닐라라떼는 또 먹으러 와야겠다! 연남동카페 라프하우스 내부 영상을 마무리로~~ 라프하우스 서울특별시 마포구 동교로32길 10 2층 라프하우스 서울시 마포구 동교로32길 10 2층 월-금,일 11:00-21:00 (금토 -22:00까지) 0507-1389-7353 #연남동카페 #연남동케이크 #연남동디저트 #연남동데이트 #연남동커피 #연남동데이트코스 #연남동카페추천 #연남동디저트카페 #연남케이크 #연남동디저트맛집 #서울파블로바성지 #파블로바케이크 #홍대카페 #홍대커피 #홍대바닐라라떼 #연남동바닐라라떼 #홍대카페추천 #홍대디저트 #홍대케이크 #홍대데이트"
"연남동카페추천 라프하우스, 통유리 창 뷰까지 좋은 카페","[연남동] 카페 라프하우스 낮에 돌아다닐 수 있는 자유가 생겨서 오늘은 점심을 먹고 나와 연남동카페추천으로 요즘 핫한 '라프하우스'에 다녀왔다. 평일 낮이라 지하철에 사람도 없고 날씨도 좋고 예쁜 카페가기 딱 좋은 날. ㅎㅎ 연남동카페추천으로 알려진 라프하우스는 홍대입구역 3번 출구에서 도보 3~4분 정도로 가까운 거리에 연트럴파크 중심에 위치해있다. 찾기도 쉽고 주변에 주택가라서 분위기도 좋아 벌써부터 들뜨기 시작.ㅎㅎ 골목에 들어가면 이렇게 귀여운 간판이 반겨주고 있고 라프하우스는 2층으로 올라가면 있다. 헐... 들어가자마자 공간도 너무 넓고 힙해서 사진 엄청 찍은 것 같다ㅋㅋ 완전 애매한 시간에 간 덕에 내가 전세내기도 해서 신나서 이리저리 사진 찍음.ㅋㅋ (곧 사람들이 들어왔지만...) 할로윈 분위기 카페 가보고 싶었는데 라프하우스가 너무 잘 꾸며놔서 얼떨결에 할로윈 즐긴 사람이 되었다. 아기자기하고 힙한 포스터와 소품들로 구경할 거리도 많고 들어가자마자 나오는 노래도 내 스타일... 연남동에 자주 와봤고 카페도 많이 갔었는데 여기처럼 마음에 쏙드는 카페는 오랜만이었다.ㅜㅜ 연남동카페추천 라프하우스는 할로윈 마카롱부터 미라 다쿠아즈까지 이렇게 디테일하게 할로윈을 준비하고 있다. ㅎㅎ 여기는 원래 파블로바와 에이드로 유명한 곳인데 오늘은 밥을 먹고 나와서 아이스아메리카노 당첨!ㅎㅎ 그런데 내 눈을 사로 잡은 것이 있었으니 바로... 과일이 너무 예쁘게 올려져있는 크로와상! 세상에... 라프하우스는 쉐프출신 대표가 직접 디저트를 만들어서 전부 수제 디저트에 플레이팅까지 이렇게 화려하다고 한다. 진짜,,, 뭐 디저트가 거기서 거기지 하는 요즘 이렇게 헉... 맛있겠다...!싶은 빵 오랜만이었다. 그래서 커피와 크로와상으로 결정했당.ㅎㅎ 기다리는 동안 또 사진 삼매경. 잠시 할로윈이라는 걸 잊고 있었는데 라프하우스에서 너무 신나버렸다. ㅋ 의자랑 책상도 너무 감각있게 인테리어 해놔서 어디 앉을까 한참 고민하다 ;; 창가자리로 택했다. ㅎㅎ 와 비주얼 실화인가.... 오전에 좀 기분이 안 좋았는데 메뉴 나오자마자 갑자기 급 행복모드로 전환.ㅋㅋㅋㅋ(단순) 진짜 카페는 커피도 중요하지만 디저트 넘넘 중요한 요소인 것 같다. 분명 점심 먹고 왔는데...ㅎ 하지만 디저트 배는 따로 있으니까.ㅎㅎ 생긴 것처럼 맛도 정말 좋다. 딸기랑 블루베리+크림+크로와상 조합은 정말 최고. 크로와상 자체만 먹어도 너무 맛있을 것 같다. 천천히 아껴먹기 대실패.ㅋ 카페가 마음에 들어서 스티커도 당장 챙기기,,, ㅎ 오늘 핸드폰 케이스 산다면 뒤에 붙여야겠다. 오랜만에 예쁜 카페 왔더니 갑자기 인스타 감성 사진을 찍고 싶은 욕심 뿜뿜. ㅋㅋ 막 찍어도 넘 분위기 있다. 무엇보다 연남동카페추천 라프하우스는 통유리 창으로 해가 들어와서 너무 밝지도 않고 너무 어둡지도 않은 그 자연스러운 분위기가 너무 좋았다. 조용한 주택가 뷰라서 그런지 마음도 편해지는 기분. 책상도 넉넉해서 태블릿 좀 하다가 왔당.ㅎㅎ 연트럴파크에서 카페 찾느라 헤매고 있다면 맛있는 디저트와 커피(커피도 짱 맛있었다!) 그리고 힙한 공간의 라프하우스 연남동카페추천한다! 라프하우스 서울 마포구 동교로 32길 10 2층 홍대입구역 3번 출구에서 도보 5분 이내 11:00-21:00 라프하우스 서울특별시 마포구 동교로32길 10 2층 라프하우스"
연남동 카페 ‘라프하우스’에서 만난 뱅앤올룹슨,"잦은 비와 코로나19로부터 무던히 지친 지금, 몸과 마음을 달래줄 무엇인가 필요합니다. 무더운 여름을 지나 코 끝에 선선한 바람이 느껴지는 순간처럼 말이죠. 뱅앤올룹슨(Bang & Olufsen, B&O)이 일상 속 ‘기분 좋은 바람’이 되어줄 수 있는 연남동 카페 ‘라프하우스(RAFHOUSE)’를 소개합니다. 사람들로 항상 붐비는 연트럴파크와 가까이 있지만, 사뭇 다른 분위기의 조용한 골목에 위치한 라프하우스는 힙한 인테리어, 커피 퀄리티, 그리고 맛있는 디저트로 떠오르고 있는 핫플레이스입니다. 라프하우스는 ‘존중에 의한 공존’이라는 브랜드 철학을 가지고 있습니다. 이를 바탕으로 카페에 들어간 순간부터 나올 때까지 모든 경험 하나하나에 브랜드 아이덴티티를 녹였습니다. 특히, 각기 다른 디자인과 소재를 사용한 가구들을 통해 ‘존중에 의한 공존’을 더욱 세심하게 경험할 수 있죠. 눈길을 끄는 건물 외관부터 내부 인테리어, 음악까지 라프하우스만의 트렌디함을 느낄 수 있습니다. 시원한 블루 컬러의 포인트 소품과 홀로그램 오브제, 개성이 넘치는 조명들은 마치 인테리어 편집샵에 온 듯한 느낌까지도 줍니다. 특히, 공간의 분위기를 더욱 특별하게 만들어주는 것은 바로 완전 무선 스피커 ‘베오사운드 레벨(Beosound Level)’입니다. 따뜻한 색감의 조명과 함께 알루미늄 본연의 색과 빛이 돋보이는 프레임에 명품 원단 업체 크바드라트의 다크 그레이 패브릭 커버를 매치한 베오사운드 레벨 내추럴(Natural) 컬러를 카운터에 배치해 주문하는 사람들의 눈길을 사로잡죠. 베오사운드 레벨은 스칸디나비아 감성을 그대로 담은 모던한 디자인으로 어떤 공간에도 가구처럼 자연스럽게 녹아듭니다. 테이블 위에 세우거나 눕히거나, 벽에 거는 등 다양한 형태로 공간에 맞춰 배치할 수도 있습니다. ‘베오사운드 레벨’에서 흘러나오는 음악은 카페의 감성을 더해줌은 물론, 이 공간에서의 시간을 더욱 아늑하게 만들어 줍니다. 무게 3.3kg로 콤팩트한 사이즈인 ‘베오사운드 레벨’에서 뿜어져 나오는 사운드는 마치 대형스피커에서 흘러나오는 것처럼 카페 공간 곳곳을 가득 채워줍니다. 뛰어난 선명도와 역동적인 베이스로 강력한 고음질의 사운드를 제공하기 때문이죠. 2개의 대형 우퍼와 풀레인지 1개, 트위터 2개로 총 5개의 스피커 드라이버를 탑재해 풍부하고 균형 잡힌 사운드를 구현합니다. 특히 뱅앤올룹슨 하이엔드 라인에 적용되는 첨단 음향 기술 ‘액티브 룸 컴펜세이션(Active Room Compensation)’ 기능으로 스피커가 놓인 공간의 환경과 청취자의 위치를 분석해 모든 공간, 모든 위치에서 최상의 사운드 경험을 전달합니다. 또, 베오사운드 레벨은 제품 위치를 자동으로 감지하고 각 위치에 최적화된 사운드를 튜닝하는 포지션 최적화 사운드(Position Dependent Sound) 기능을 제공합니다. 베오사운드 레벨은 최대 충전 시 16시간 연속 재생이 가능하며, 부품 교체를 용이하게 한 ‘모듈러 디자인(Modular Design)’으로 배터리 교체 등을 통해 더 오랜 기간 사용할 수 있습니다. 나만의 여유를 즐기고 싶다면 라프하우스에서 커피와 맛있는 디저트에 감미로운 음악을 곁들여보는 건 어떨까요? 세련된 디자인과 최상의 사운드로 공간을 더욱 감각적으로 만들어주는 베오사운드 레벨은 뱅앤올룹슨 한국 공식 수입사 코오롱글로벌㈜이 운영하는 국내 공식 매장과 온라인몰에서 만나볼 수 있습니다. 코오롱 정품은 덴마크 본사에서 인증한 국내 뱅앤올룹슨 공식 서비스센터의 A/S 서비스를 제공합니다. 뱅앤올룹슨 베오사운드 레벨 (Beosound Level) Natural 블루투스 무선 스피커 : 뱅앤올룹슨 공식 스토어 [뱅앤올룹슨 공식 스토어] 명품 홈엔터테인먼트 브랜드 뱅앤올룹슨(Bang&Olufsen) 공식 스토어입니다. brand.naver.com"
"연남동 카페 라프하우스(RAFHOUSE), 세련미가 느껴지는 힙한 카페","라프하우스(RAFHOUSE) 세련되어 보이는 공간이 여유를 만들어 🍚02-337-7353 🍚서울 마포구 동교로 32길 10 🍚매일 11:00 - 21:00 라프하우스 서울특별시 마포구 동교로32길 10 2층 라프하우스 새로 오픈한지 얼마 되지 이곳은 한적한 골목 사이에 위치하고 있어요. 저녁이어서 그런지 웨이팅도 없고 조용한 분위기만을 담아주었답니다. 세련된 소품들과 힙한 느낌만이 가득 주는 공간이었어요. 자리가 다소 많이 있지는 않았지만 여유로운 저녁을 맘껏 즐길 수 있었답니다. 메뉴판 이곳만의 시그니처 커피인 라프라떼와 디저트 파블로바 케이크는 독보적이었어요. 머랭으로 된 디저트는 처음 맛보는 것 같은데 당 충전할 때 무조건 필 수 요소로 다가왔어요. 기다리는 동안 무언가를 성심성의껏 만들어 주시는 듯 보였는데 바로 이 파블로바 케이크였어요. 처음엔 빵인 줄 알았는데 과일을 곁들인 머랭 디저트라니 다시 보기만 해도 상큼한 모습이에요. 천도복숭아, 블루베리, 청포도까지 달콤함과 이어질 수 있도록 배치해 주었던 게 눈으로 보기에도 좋았어요. 지금 와서 느끼지만 다른 디저트들도 포장이라도 시켜볼걸 하는 마음이 남아있었죠.. 이제 입소문 타고 금방 알려질 것 같은 이곳! 언제 또 갈지 모르겠지만 연남동 카페 추천한다면 생각하지도 않고 라프하우스 추천드려볼 것 같아요. Instagram의 손준영(@youthson_)님 프로필 • 게시물 152개 팔로워 1,402명, 팔로잉 1,339명, 게시물 152개 - 손준영(@youthson_)님의 Instagram 사진 및 동영상 보기 www.instagram.com"
#라프하우스 #연남동카페 #연남동디저트 #오렌지라떼 #말렌카 초코,"안녕하쎄요오오오 씬이나입니당! 히히 연남동 특별한 디저트가 가득한 신상카페 라프하우스에 다녀왔어요 이번에 친구와 연남동 돌아다니면서 구석구석 이쁜 곳이 많아서 즐거웠는데, 힙한 카페 라프하우스를 발견해서 기분이 더 좋았던.. 히히 재방문 의사 백퍼 천퍼라서 포스팅합니다앙 히히 연남동 카페 라프하우스 RAF HOUSE 연트럴파크 걷다 보면 세븐일레븐이 보이는데 그 골목에 특이한 건물 찾으시면 돼요 연남동 골목투어하다가 우연히 발견했는데, 그냥 지나칠 수가 없었어요 들어가기 전 검색해 보고 디저트에 진심인 곳이다 싶어서 방문했답니다! 2층에 있어요!! 히히 뭐 입구부터 그냥 취향 저격이었어요 카페 투어 진짜 좋아하는데 입구부터 기대뿜뿜인거 오랜만인 기분! 전시회 가는 느낌 들기도 하더라고요 히히 인테리어가 전시회를 온듯한 기분이 들었어요 완전 감각 있게 잘 꾸며 놓았더라고요.. 사진을 안 찍을 수가 없었어요.. 좌석마다 다양하게 꾸며져있고 포토존도 많고.. 오픈 시간쯤에 와서 사람이 없어서 사진 찍기 편했던..! 저희는 창가에 앉았아요 뷰도 연남동 골목길을 느낄 수 있고 좋더라고요 히히 라프라떼 (오렌지라떼) 6,500 카페라떼 5,500 말렌카 (초코) 7,000 밥을 먹고 온지라 카페인이 시급했던 저희는 바로 주문을 했어요 친구는 라프라떼를 시켰는데, 오렌지 라떼라고 쓰여있어서 굉장히 궁금하더라고요 저는 라떼덕후라서 라떼 주문했어요 또 디저트는 필수기 때문에 말렌카 초코맛을 시켜보았어요! 원래 파블로 먹고 싶었지만 아직 준비가 안되었다고 했떤..아쉬웠답니다 또 가서 먹어야겠어요! 히히 친구와 음료를 기다리면서 카페 내부를 구경했는데, 몇몇 그림들이 시소림 작가분의 작품을 전시회 놓은 거더라고요 카페 분위기와 너무 잘 어울리고 곳곳의 조명들과 소품들과의 조화가 너무 좋았던 것 같아요 히히 단순히 카페에서 커피 마시러 온 게 아니라 전시회 온 기분이라서 힐링 했던 것 같아요 라프하우스 카페 분위기도 힙한데, 음료 디저트 조합도 힙하네요 취향 저격, 사진 찍을 맛나요 히히 따스한 햇살이 들어오는 창가 자리에서 골목 뷰를 감상하며 이쁜 디저트를 먹으려니 기분 좋았어요 제가 시킨 라떼는 고소하고 맛있더라고요 날씨가 춥긴 했지만 햇살이 따뜻해서 아이스로 시켰던..히히 디저트하고 조합 좋았어요 히히 라프하우스의 시그니처 같은 라프라떼 오렌지라떼라고 하는데, 이거 꼭 시키세요! 친구랑 저랑 감탄연발.. 오렌지 향이 향긋하게 부드러운 크림에 이거시킬걸 후회가 막심했답니다 흑. 말렌카는 초코, 시나몬 둘 중 선택하면 되는데 저는 시나몬을 별로 안 좋아해서 친구 의견 묻지 않고 바로 초코를..... 엄청 쫀쫀하고 달달했어요 비교하자면 고급 진 오예스 맛? 저랑 친구는 너무 맛있게 먹었답니다! 히히 연남동 힙한 분위기 좋은 카페 찾으시면 라프하우스 추천해요 포토존도 많고 인스타감성 뿜뿜이라 저 같은 카페덕후들은 백퍼 좋아할 만한 카페입니다 저도 파블로 맛보러 재방문 할거랍니다앙 히히 연남동 카페 라프하우스 RAF HOUSE 위치 영업시간 : 일-목 11:00 - 21:00 금/토 11:00 - 22:00 라프하우스 서울특별시 마포구 동교로32길 10 2층 라프하우스 오늘의 일기 끄읏~!"
홍대 연남동 디저트 카페 추천 파블로바 케이크 라프하우스,"홍대 연남동 디저트 카페 파블로바 케이크, 다쿠와즈로 유명한 라프하우스 제가 디저트,브런치 굉장히 좋아해요. 식사 후 달달하고 예쁜거 먹으면 행복하답니다. ㅎㅎㅎ 그.래.서. 주말에 홍대 간 김에 연트럴파크 사거리 근처 아주 요즘 말로 ㅋㅋ 힙!한 분위기 디저트 카페 ""라프하우스""를 다녀왔어요. 제가 평소에 보지 못한 흔하지 않은 종류들이라 보여드리고 싶은 마음이 커요~ 신나게 포스팅 해보겠습니다. 위치는 홍대역 3번 출구에서 도보로 약 5분거리 접근성이라 구경하면서 걸어가기 좋아요:) 라프하우스 서울특별시 마포구 동교로32길 10 2층 라프하우스 월-일 11:00~21:00 휴무는 네이버 라프하우스 검색하시면 공지로 확인 가능하세요 :) 골목으로 들어오시면 RAF HOUSE 푯말이 보이실거에요. 2층으로 올라가시면 됩니다, 힙하죠? 모던한 인테리어로 인스타 갬성이 저를 맞이합니다. 2층에 위치해있지만 통유리로 외부가 시원하게 잘보여서 탁 트인 느낌이더라구요, 의자 뽀인트 귀여워요 ㅎㅎ 첨에 파랑곰돌이 베어브릭인가,, 아닌가 고민했는데 아직도 고민중이에요 ㅎㅎㅋㅋ 이 곳이 주문 하는 곳이에요, 네이버 검색으로 #연남동디저트카페 검색을 다 했보았는데 근데 비주얼이며 파블로바 케이크를 따라올 자가 없더라구요. 주문 완료 : ◎ 초코라떼 6.0 ◎ 오페라 (후르츠바닐라티) 6.5 ◎ 파쿠아즈/다쿠아즈 (라즈베리) 4.0 ◎ 딸기파블로바 케이크 1단 11.0 계산대 앞 너무 멋있는 문구가 있어요. 라프하우스의 메뉴는 미리 만들지 않고 신선하고 좋은 재료로 주문 시 플레이팅을 시작합니다. 파블로바,머랭롤라드 등 전문 요리사가 직접 조리하신다고 해요. 여쭤보니깐 대표님께서 쉐프출신이셔서 모든 디저트가 수제이고, 플레이팅이 화려더라구요. 라프하우스 시그니쳐 스티커도 있어서 한 개씩 get!!! 깔끔한데 힙하죠? (힙잘몰라여 ☺️ㅎㅎㅋㅋ) 파블로바 케이크도 판매하고 계시니깐 케익 초도 구매 가능합니다. 초마저 힙해... 저 꼬불초 사고싶더라구요 ㅎㅎ 카페 곳곳에 힙한 느낌을 담아보았어요. 베어브릭스맞는거같은데 ㅎㅎ 다쿠아즈가 나왔습니다!! 폭신한 시트에 새콤달콤한 라즈베리 필링으로 꽉차있어요. 머랭에 아몬드 가루와 슈가 파우더를 넣어서 구운 과자에 크림을 넣은 것. 마카롱과 유사하나 슈가 파우더로 인해 겉은 바삭하고 속은 부드럽다.마카롱과 함께 프랑스 프로방스의 대표적인 머랭(거품) 과자의 하나로, 프랑스의 대표적인 간식이다. 아몬드가 들어가 견과류의 향미가 나며, 둥근 형태를 가지고 있는 디저트이다. 중앙에 부드럽고 풍부한 휘핑크림이나 버터크림 등을 채워서 몇 겹으로 쌓고 차게 해서 먹으며, 크림 대신 과일을 넣기도 한다. 겉은 바삭하고 속은 말랑 말랑하여 입안에서 가볍고 폭신폭신한 부드러움이 느껴진다. 출처: [네이버 지식백과] 다쿠아즈 [Dacquoise] (두산백과 두피디아, 두산백과) 라즈베리로 꽉채워진거 보이시나요~? 반 반 나눠먹었는데 왠걸.. 2분도 안되서 사라지더라구요. 식감이 맛있고 좋아서 사실,, 추가로 파블로바 케이크를 시킨거랍니다 ㅎㅎㅋㅋ 작은걸로 씅에 안차요!!!!! 연남동까지 왔는데 큰 케이크 먹고가야죠~ 차량도 종일권으로 주차해놨거든요,,,허헣ㅎㅎㅎ 초코라떼 진짜 초콜릿으로 만든 라떼 맛이에요, 일반 시중 판매하는 초코 아니구 찐하고 너무 달지도 않답니다. (초콜릿은 원래써요~) 소중하고 쪼그매난 마쉬멜로들이 퐁당 담겨있답니다, 쨘쨘🍫 오페라 (후르츠바닐라티)🍵 이 날.. 찬바람을 너무 맞아서 혼미한 상태인데 후르츠바닐라티 한 잔으로 몸을 따듯하게 녹여줬어요 ㅎㅎ 연남동 디저트 카페로 참 손색이 없어요, 홍대 데이트로 완전 추천추천 자 그리고 대망의 파블로바 케이크 심쿵,심쿵 밀가루함량이 1도 없는 머랭케이크에 마스카포네 크림과 제철과일이(딸기) 듬뿍 들어간 케이크. 겉은 머랭 특유의 과하지 않은 달달함에 살짝 바삭한 식감이 일품. 다이어트 포기. 위에 휜 크림이 처음에 뭔질 몰랐어요, 흘러내리지 않고 잘 붙어있길래 여쭤보니 마스카포네 크림이라고 하시더라구요~!! 꼭 오세요, 연남동 데이트 코스로 강추해요 여심 저격 하고 또 저격 하실려면 디저트카페 필수죠. 정성스럽게 플레이팅 해주신것도 느껴져서 아까워 못먹겟다는 아니고 진짜 마스카포네 크림 묻은 파블로바 케이크 안드셔 보셨으면 말씀 마세요~ 실컷 먹고 정신 좀 차리고 외부 구경도 하고 사진찍고 소소하게 시간 보냈답니다, 시간 완전 빨리 가요.. (놀때만 시간 날라가는거 실화인가요..? ) 해 있을 때 왔는데 벌써 해가 저물었네요 ㅎㅎ 밤에 보면 더 힙해요. 나가는 문 👉🏻 라프하우스는 바블로바 케이크, 말렌케이크 등 이미 유명하다고 해요, 흔치 않은 디저트로 연남동에서 자리 잡고 있고 카페 대표님이 얼마나 친절하신지 제가 다 겸손해져야될 정도로 반갑게 손님들을 응대해주시니 행복한 시간을 보내고 갔답니다. 비주얼이며 플레이팅 예술인 연남동디저트 카페 강추합니다:)"
연남동 디져트 카페 라프하우스 말렌카?유레카!(메뉴&가격),"홍대입구역에서 점심 먹고 예뿐 카페가 많은 연남동으로 넘어갔어요! 연트럴 입구에서 멀지 않은 곳에 라프하우스라는 아늑하고 예쁜 카페가 있어서 다녀온 후기입니다~~~ 디져트가 맛있는 카페 라프하우스 건물이 너무 예쁘죠! 3층짜리 예쁜 건물의 2층에 라프하우스가 있어요~! 제가 방문했을 때가 12월 마지막 주라서 메리크리스마스 가랜드가 걸려있었어요🎄🎀 RAF HOUSE는 2층 OPEN 10:00 CLOSE 24:30 코로나 아닐때는 자정까지 하나봐요!!😲 여윽시 연남동.. 라프하우스는 이미 유명한 카페인 것 같더라구요! 사람들도 계속 찾아오고, 와서도 익숙한 듯 편하게 자리잡고 분위기를 즐기는 것 같았어요😊 인테리어 알록달록하고 따듯했어요. 겨울에는 요런 따뜻한 인테리어 필수에요🥰 거울이 있으니까 저도 모르게 각 잡고 셀카를 찍게 되는 것..ㅋㅋㅋㅋ 저희는 음료랑 케이크 주문해써요>< 디져트 메뉴들이 예쁘고 맛나보이더라구용~ 석류팬지에이드 6,500원 허니레몬티 6,000원 말렌카 케이크(초코) 7,000원 빨갛고 투명한 석류팬지에이드랑 노란 허니레몬티랑 초코초코스러운 케이크랑 조합이 넘 예뿌죠😆😆 석류팬지에이드는 시럽이 같이 나오거든요. 요로케 뿌려서 섞어 마시면 돼요~ 그럼 빨강에서 보라보라로 변신해요><💜 제가 다른메뉴는 안먹어봤지만 석류팬지에이드 맛보고 반했어요! 보통 석류에이드는 너무 달아서 조금 부담시러운데, 라프하우스 석류팬지에이드는 은은한 꽃향이 나는 달달한 에이드 맛이었어요!! 시원하고 깔끔한 맛에 꼴깍꼴깍 계속 마시게 되더라구요 에이드 위에 허브도 올려주셔서 마실때도 기분 좋아용☺🌿 허니레몬티도 은은하게 단맛이에용~~ 위에 애플민트 잎 두장이 민트향을 뿜뿜하고 있어서 마실때 민트향이 같이 섞여나요 겨울철에 허니레몬티 마시니까 몸이 따뜻해지고 상콤한 비타민c가 충전되는 느낌이었어요^^ 두구두구 대망의 말렌카 케이크에요>< 처음 먹어봤는데 반해버린 말렌카♡_♡ 말렌카 뜻은 조금, 잠깐이란 의미고, 체코의 한 케이크 회사라고 해요! 마치 삼립 기린 빵 같은 건가봐요. 그리고 GMO Free로 유전자 변형조작을 하지 않은 식품으로, 유럽이 인증한 착한 디저트라고 해요~ 촉촉한 초코 케이크 시트 사이에 부드러운 허니크림이 겹겹이 발라져 있는데, 사이에 발라진 크림에 꿀이 섞여 있어서인지 쫀득한게 매력있더라구요!!! 조그맣게 잘라서 부드러운 우유생크림 찍어 먹으면 세상 달콤하고 쫀득한 한입이에요🥰 케이크 진짜 넘 맛있어서 순삭했어요 핳핳ㅋㅋㅋ 연남동 디져트 카페 찾으시는 분 깨끗하고 아늑한 카페를 찾으시는 분 연남동 데이트 코스를 짜고 계신 분 맛있는 디져트와 음료가 있는 예뿐 라프하우스 카페 추천드려요😘 라프하우스 서울특별시 마포구 동교로32길 10 2층 라프하우스"
연남동 힙한 카페 라프하우스,"안녕하세요오! 지난주에 친구 생일 때문에 연남동에 다녀왔어요 토요일에 가서 그런지 사람이 진짜 많더라구요 가는 곳마다 만석 실화인가요?!! 다섯시 반쯤 카페에 방문했는데 다행히 딱 한 테이블 남아있어서 운 좋게 바로 들어갔답니다😆 라프하우스 RAF HOUSE 서울 마포구 동교로 32길 10 2층 라프하우스 홍대입구역 3번 출구에서 332m 수-월 : 12시 ~ 21시 매주 화요일 휴무 라프하우스는 홍대입구역 3번 출구로 나오신 후 연트럴파크 사거리 근처에 위치해 있습니다 3번 출구에서 넉넉히 5분 정도 걸리는 것 같아요! 일층 가게 입구가 유니크해서 금방 찾으실 수 있습니다 라프하우스 올라가는 계단인데 벌써부터 힙한 느낌 가득이죠 ᕕ( ᐛ )ᕗ 연남동 힙한 카페 라프하우스 메뉴 라프커피 (오렌지 비엔나) 6500원 아몬드크림라떼 7000원 아메리카노 5000원 카페라떼 5500원 바닐라라떼 6000원 코코넛라떼 6000원 초코라떼 6000원 에이드 (석류 펜지, 청귤, 자몽) 6500원 디저트 딸기파블로바 1단/2단 11000원 / 16000원 머랭롤라드(베리, 초코) 7000원 말란카케이크 (초코, 레몬) 7000원 다쿠와즈 (흑임자, 황 치즈) 3800원 1인 1음료 필수이며 핫플이다보니 주말, 공휴일에는 노트북 사용 금지!! 테이크 아웃 시 전 메뉴 천원 할인 연남동 힙한 카페 라프하우스 내부 연남동 힙한 카페 라프커피는 깔끔한 인테리어에 사장님만의 감성 가득한 소품들로 채워져있습니다 테이블 사이가 협소하지 않아서 너무 맘에 들었어요😆 또한 제가 좋아하는 통창뷰까지 힙한 인테리어 때문인지 곳곳마다 포토존 가득입니다 저희는 시그니처 메뉴인 라프커피(오렌지비엔나)와 석류펜지에이드 를 주문했습니다 커피 위 크림이 달달하면서 오렌지 향이 나는게 신기했어요!! 어떻게 오렌지향이 나는거죠 달달하고 상큼하니 꿀떡 넘어가더라구요 오렌지향이 나는 달달한 크림과 밑에는 살짝 산미가 느껴지는 아메리카노였습니다 펜지 시럽을 부으면 붉은빛에서 보라빛으로 변합니당 상큼하면서도 뭔가 중독적인 맛인것같아요! 달달한 석류시럽이 투명젤리와 함께 깔려있고 산딸기가 올라가 있습니다 라프하우스 인스타에 디저트 한가득이더라구요..💛 다음에는 꼭 디저트 먹어봐야겠어요 사장님이 수제로 만드신 파블로바 너무 궁금합니다 말란케이크, 파블로바 같은 흔하지 않은 수제디저트 보기만해도 너무 맛있어보여요 ᕕ( ᐛ )ᕗ 라프하우스 서울특별시 마포구 동교로32길 10 2층 라프하우스 #연남동카페 #연남동디저트 #연남동데이트 #연남동커피 #라프하우스 #연남동파블로바 #연남동카페추천 #일상 #소통 #서이추 #서이추환영"
연남동 디저트 카페 파블로바케이크 맛집 라프하우스,"날씨가 좀 풀린것 같아요! 기분좋은 휴일을 맞이하고 싶어서 연남동 디저트를 찾다가 흔하지 않은 디저트 파블로바케이크를 파는 카페를 찾았습니다 ㅎㅎ 라프하우스 서울특별시 마포구 동교로32길 10 2층 라프하우스 라프하우스라는 디저트 카페이고 홍대입구역 3번출구에서 도보 5분정도로 접근성이 좋고 가까워요! 연트럴파크 사거리 근처에 있어서 주변 산책 좀 하다가 커피마시러가기 딱 좋았어요 ㅎㅎ 2층에 있는 라프하우스 라프하우스 입구에요. 뭔가 입구부터 힙한 느낌이 들고 인스타 감성이 마구 솟을 것 같은 인테리어여서 사진찍고싶은 마음이 들더라구요! ↑ 연남동 디저트 파블로바케이크 맛집 라프하우스 영상으로 간단하게 즐겨보세요! 통창으로 탁 트여있는 라프하우스 전체적으로 통유리창이어서 탁트인 느낌이 들고 답답하지 않아서 넘 좋았어요. 좁은공간에 창문까지 없으면 너무 답답하더라구요 ㅠ 저희는 통유리 바로 앞쪽에 사진찍기 딱좋은 자리에 앉았어요 창밖으로 비치는 뷰도 나름 감각적이고 테이블, 의자, 옆에있는 조명까지 모두 인스타 감성이에요. 감각적인 인테리어와 포스터 자리마다 의자 디자인도 다르고 벽쪽에는 이렇게 감각적인 포스터와 엽서들이 붙어있어서 구경하는 재미도 있고 사진찍는 재미도 있어서 좋네요! 인스타 감성이 솟는 라프하우스 제가 인테리어에 관심이 많은데 여기 있는 소품들이 다 인테리어 어플에서 자주보고 유명한 것들이 많더라구요 거울도, 조명도, 수납장도 모두 갖고싶다.... 여러명이 와서 커피마시기 좋은 테이블 이쪽 테이블은 4명 이상의 고객들이 앉기에 좋은 것 같아요. 매장이 그리 크지 않아도 공간별로 이렇게 색다른 느낌을 줄 수 있다니 참 디저트 카페 사장님 센스가 엄지척....!! 라프하우스의 맥북 메뉴판 라프하우스 메뉴판인데 디저트들이 너무 예뻤어요 알고보니 연남동 디저트 카페 사장님께서 쉐프출신이셔서 모든 디저트가 수제이고 플레이팅까지 신경써서 만드신다고 하더라구요. 역시 연남동 디저트 카페다워요 ㅎㅎ 메뉴이름이 좀 특이해서 찾아봤어요. 파블로바 케이크 라프하우스 인스타 파블로바케이크는 밀가루가 전혀 들어가지 않은 머랭케이크에 마스카포네 크림과 제철과일을 듬뿍 넣어서 만든 디저트라고 합니다. 과하게 달지 않은 머랭과 바삭한 식감이 어울려서 여성고객들이 즐겨찾는다고 해요. 다만.. 다이어트는 내일부터 ㅎㅎㅎ 말렌카 케이크 라프하우스 인스타 말렌카 케이크는 꿀에서 느낄 수 있는 은은한 달달함에 코코아 가루를 섞어 만든 케이크인데요, 흘러내리는 크림이 위에 얹어져 있어서 눈으로도 입으로도 맛있는 디저트입니다. 말렌카 케이크 본사에서 정식으로 납품받고 있는 가맹점 라프하우스 말렌카 케이크는 유럽왕실에서 즐겨먹는 케이크로 체코에서만 생산되는 꿀이 들어있는 꿀케이크라고해요. 라프하우스는 말렌카 케이크 본사에서 정식으로 납품받고 있습니다. 라프하우스 사장님의 신념 라프하우스의 RAF 도 RESPECT ADMIRE FAITH 라는 약자의 합성이네요 ㅎㅎ 사장님의 신념이 느껴지는 부분이었어요. 창밖뷰와 디저트의 조화로운 감성샷 저는 요즘 다쿠와즈에 빠져있어서 레몬필링이 들어간 다쿠와즈와 라프하우스 대표메뉴인 라프라테를 시켰어요. 레몬과 오렌지의 조합 ㅎㅎㅎ 다쿠와즈와 라프커피 상큼 그 자체네요! 라프라떼 한입마셨는데 위에 크림이 그냥 크림이 아니라 오렌지 크림이더라구요!! 너무 상큼했고 아메리카노와 섞이면서 잘어우러졌어요 ㅎㅎ 다쿠와즈도 겉은 바삭한데 속은 촉촉했고 적당히 달달한 맛이 라프라떼와 잘 어울렸습니다! 오늘은 점심을 거하게 먹고와서 파블로바케이크를 시키진 못했지만 연남동 디저트 카페 라프하우스에 다시오면 꼭 파블로바케이크 먹어보고 싶네요 ㅠ 인스타 감성 사진도 남기고... ㅎㅎ 라프하우스(@rafhouse_seoul) • Instagram 사진 및 동영상 팔로워 800명, 팔로잉 3명, 게시물 81개 - 라프하우스(@rafhouse_seoul)님의 Instagram 사진 및 동영상 보기 instagram.com #파블로바케이크 #연남동디저트 #연남동디저트카페 #연남동카페 #연남동케이크 #연남동데이트 #연남동데이트코스 #연남동카페추천 #연남동디저트맛집"
서울 마포구 홍대 연남동 파블로바 디저트카페 추천 : 라프하우스,"#서울맛집 #마포구맛집 #홍대입구역맛집 #연남동맛집 #연남동카페 #연남동케이크 #연남동디저트 #연남동데이트 #연남동커피 #연남동데이트코스 #연남동카페추천 #연남동디저트카페 #연남케이크 #연남동디저트맛집 #서울파블로바 #연남동파블로바 #청귤에이드 #아몬드크림라떼 #라프하우스 안녕하세요 뚠뚠이입니다 오늘의 포스팅은, 서울 #홍대 #경의선숲길 #연남동 쪽에 정말 #특별한디저트카페 가 있다고 해서 찾아 간 곳 ! 라프하우스 서울특별시 마포구 동교로32길 10 2층 라프하우스 라프하우스 RAF HOUSE 주소 : 서울 마포구 동교로32길 10 2층 라프하우스 전화번호 : 0507-1389-7353 영업시간 : 매일 12:00-21:00 하늘도 너무 이쁘고 날씨도 너무 좋은 날, 홍대입구역에서 친구를 만나 한적한 연남동 거리 안쪽을 거닐다보니 #라프하우스 간판을 발견 !!! #홍대입구역 3번출구에서 도보로 5분정도 접근성이 아주아주 훌륭합니당ㅎㅎ 굉장히 힙스러운 건물 2층에 채광좋은 곳에 자리 한 #라프하우스 ! 기대감을 안고 올라 가 봅니다 건물 왼쪽편에 올라가는 계단이 있어요 #대기명단 이 있길래 긴장했는데... 저희는 평일 오픈시간 맞춰갔기에 짜란 ~ 이렇게 매장 내부를 찍을 수 있는 기회가 ㅎㅎ 월요일, 매장오픈시간 ! 웨이팅이 없어서 정말 다행이였답니당 들어서면서 부터 너무 멋진 인테리어 잔잔한 음악이 정말 기분좋게 만들어주더라구용 음악이 흐르는, #라프하우스 공간 하나하나가 너무 정성스럽고 이쁜데다가 다른손님이 없는 기회 ! 동영상으로 찍어보았어요 자동으로 그루브가 .... 힙한 실내와 인테리어가 #인스타감성 뿜뿜 요기요기~ 알록달록한 명당자리에 자리를 잡았어요 채광이 너무 좋은 창가 쪽 자리도 정말 좋더라구요! 통유리창이어서 답답하지 않고 푸릇푸릇한 요즘같은 날씨에 최고최고 ~~! 멋쟁이 남자사장님과 어울리던 다채로운 색채의 인테리어감각 ㅎㅎ 좌석도 넉넉하게 있습니다 여기 가구매장아니니깐.... 그만 구경하규......... 본격적으로 주문을 해 봅니당 #라프하우스메뉴판 정독하세용 #커피 #논커피 종류도 다양한데 #에이드 , #티 종류도 다양하고 #칵테일 #맥주 같은 주류도 팔길래 신기했어요 각자 마시고싶은 음료를 고르고 라프하우스에 온 이유 ~! #파블로바 디저트를 먹어보기 위해 왔기에 디저트도 하나 픽 ㅎㅎ #파블로바 주문 시 베이스를 선택해야하는데 #머랭베이스 를 하드픽으로 할지, 소프트픽으로 할지.... 처음 먹어보는거라 제발 맛있기를 바라며 사장님의 추천으로, 파블로바의 기본으로는 하드픽이라고하시길래 #하드픽머랭베이스 로 선택했습니다 #쉐프출신 대표님께서 주문 시 직접 조리하신다고하셔요 그래서 시간이 조금 걸릴 수 있다고하네용 ㅎㅎ RAF Coexistence by respect 존중에 의한 공존 RESPECT+ADMIRE 라프하우스의 의미가, #존중에의한공존 이라고하네요.... 가게이름 정하는데도 얼마나 공을 들이셨을지.... 이 문구. 내 머릿속에 저장저장각 ! 주문대에 있던 냅킨과 물티슈 ㅎㅎ 물티슈꽂이마저 특별해 ㅋㅋㅋㅋ 오랜만에 만난 친구랑 이런저런 이야기를 나누다보니, 음료와 디저트가 나왔습니다 꺅 이게뭐얌 이렇게 이쁜 디저트 처음봐요 !!!!!!!!!!!!! 아니..... 이렇게 플레이팅이 되어 나오면 도대체 어떻게 먹어야하는거죠..?ㅠ0ㅠ 너무너무 이쁘잖아요...... 일단, 음료부터 리뷰들어갑니당 청귤에이드 6,500원 Green tangerine ade 친구의 #청귤에이드 새콤달콤 맛있다고하더라구용 밑에있는 청귤청을 잘 저어 섞어마시면 입안에서 상콤함이 퍼집니다잉 ~ 아몬드 크림라떼 7,000원 Almond cream latte 이건, 뚠뚠이의 #아몬드크림라떼 위에있는 크림이 농도짙은게아니라 정말 호로록~부드럽게 입안으로 빨려 들어가는 묽은 느낌의 크림 ! 아몬드 향이 솔솔나서 너무 좋더라구요 쭉 들이켜다보면 크림 아래에 깔려있는 부드러운 라떼커피가 적당히 진한데 정말 정말 부드러워서 기분좋은 달콤함과 고소한 커피가 천국을 맛보게해주었습니당 디저트보다 먼저나와서 맛 본 음료. 음료부터 이렇게 맛이 좋으니 디저트에 대한 기대감이 더욱 뿜뿜.... 딸기파블로바 Strawberry paviova 1단/2단 11,000/16,000원 #딸기파블로바 1단 입니다 #파블로바케이크 는 밀가루함량이 전혀 없는 #머랭케이크 에 #마스카포네크림 과 제철과일이 듬뿍 들어간 케이크라고 했어용 일단, 비쥬얼은 정말 시선강탈... 여심저격 !!!!! 이런데서 연인이랑 데이트하면 세상달달하고 행복할 것 같아요 ㅎㅎ 아니... 딸기랑 바나나를 어떻게 이렇게나 얇게 슬라이스를...? 예사롭지 않은..... 디저트플레이팅이, 정말 고오급 호텔라운지에 가서 볼 수 있을만한 디저트같더라구요 ! 너무 아깝지만 ㅠㅠ 그래도 맛을 봐야하니 친구가 중간을 싹뚝싹뚝 배를 갈라봅니당... 오오오 ~~ 안에도 가득 들어있던 크림과 과일들 ! #블루베리 #산딸기 큐브모양으로 잘린 #키위 #바나나 까지 ! 알록달록 색감이 너무나 이뻐요 ㅎㅎ 사실, 뚠뚠이는 머랭으로 만든걸 별로 좋아하지 않는 편.... 근데 밀가루로 만든 빵보다 덜 과한 달달함과 가볍지만 겉빠속쫀의 머랭 오늘 처음으로 머랭의 매력이 푸욱 빠졌어요 ! 겉은 정말 바삭했고 안쪽에 쫀쫀한 머랭에 크림올리고 각자의 취향대로 과일 올려서 한입에 와앙 먹으니 세상..... 힙한 매장내부 초록초록한 요즘같은 날씨에 채광좋은 카페, 파블로바케이크 말고도 #다쿠아즈 나 #말렌카케이크 같은 흔하지않은 수제디저트 디저트비쥬얼이 정말 아름답기까지했던, 맛까지 훌륭훌륭했던 #연남동디저트카페 #라프하우스 정말 적극적극 추천드립니다"
라프하우스 Rafhouse | 서울 연남동 파블로바 다쿠아즈 머랭케이크를 맛볼 수 있는 예쁜 카페,"라프하우스 rafhouse 마포구 연남동 동교로32길 10 2층 생일 때 메주님이 데려가준 서울 연남동 카페 라프하우스 내부가 깔끔하면서도 사진 찍기 좋게 꾸며진 카페 파블로바를 좋아하는 나, 파블로바를 판다기에 얼마나 기쁘던지. 아메리카노, 바닐라라떼(아마도), 딸기 파블로바 케이크를 시켰다. 메뉴판은 라프하우스에서 올려둔 사진을 가져왔다. 우리가 시킨 건 파블로바 1단 케이크🎂 라프하우스 들어가자마자 보이는 매장 한쪽에 이런 소품이 있어서 사진 한 장 찰칵📸 사진 찍으며 떠들고 있는데 기다렸던 커피와 딸기 파블로바 케이크 등장. 신나서 메주님이 사진 찍는데 머리 들이밀었다. 파블로바와 예쁜 컵받침🌸 신난다~ 딸기 파블로바 케이크. 입에 넣기 전 찰칵📸 멀리서 봐도 파블로바 케이크가 참 예쁘다. 저 초록색 장식물? 가구? 특이해... 접시도 돌이다. 요새 이런 접시 많이 쓰던데. 볼 때마다 신기하다. 꼭 한번씩 톡톡 두드린다. 크크킄 파블로바가 어쩜 저리 예쁜지...먹기 아까울 지경 바나나, 블루베리, 딸기, 라즈베리가 들어있다. 라프하우스 우리가 앉은 쪽 벽면이 이렇게 꾸며져있다. 메주랑 서로 열심히 사진 찍어줬음 사진 찍는 맛이 쏠쏠하다. 메주님 꽃 고마워요💐🌼🌻 라프하우스 매장은 작은 편이 아니다. 식탁이 한 6-7개 정도 있다. 여기저기 액자, 소품으로 장식한 모습. 어디에서 찍어도 배경이 예쁘다. 라프하우스가 좋은 점 매장 안에 화장실이 있다는 것! 뒤에 보이는 문이 화장실 문이다. 나는 화장실이 밖에 있는 게 싫다... 자주 가기 때문에... 안에 있으면 얼마나 편한지🌝 + 라프하우스 화장실이 깨끗해서 더 좋았음🌷 메주님 덕분에 라프하우스라는 예쁜 카페에서 맛있는 파블로바 케이크와 커피를 맛봤다. 덕분에 행복했어요🧚🏼 오늘도 잘 먹고 잘 마셨습니다🐥 라프하우스 서울특별시 마포구 동교로32길 10 2층 라프하우스"
[홍대 연남동 카페] 라프하우스 : 파블로바 머랭케이크 먹으러!,"매일 12:00 - 21:00 서울 마포구 동교로32길 10 2층 라프하우스 홍대입구역 3번출구에서 걸어서 5분 거리에 있는 “RAFHOUSE” 라프하우스 건물 2층으로 올라오면 요런 차가운 듯 아닌듯 분위기의 인테리어 6인 테이블 1개랑 2,3인 테이블 6~7개 정도 있었다 흰 벽지에 딱딱한 의자와 테이블에다가 노랑노랑한 조명으로 분위기 살리고 군데군데 알록달록한 소품들로 차가운 느낌과 따뜻한 느낌이 공존함! 내부는 그렇게 넓진 않았지만 우리가 갔을 때 손님들이 많지 않았어서 괜찮았다! ☕️ 메 뉴 판 ☕️ ☕️ 커피 라프커피(오렌지비엔나), 아몬드크림라떼, 아메리카노, 카페라떼, 바닐라라떼, 코코넛라떼 🧋 논커피 초코라떼, 체리초코라떼 🍰 디저트 포도파블로바1단/2단, 머랭롤라드, 말렌타케이크(초코,월넛), 다쿠아즈(흑임자,레몬,크림치즈) 🍵 티 붓다블루(콘플라워 그린티), 브렉퍼스트(만다린초콜릿티), 엥프레셔니스트(라벤다바닐라), 밀크티 🍹 에이드 석류펜지에이드, 청귤에이드, 한라봉에이드 🥂 칵테일 드라이 하이볼, 얼그레이 하이볼, 말리부 파인애플/밀크, 데킬라 샷 🍺 맥주 하이네켄, 스텔라, 사무엘 아담스 *1인 1음료 *주말, 공휴일 : 노트북 사용 금지 *외부음식, 음료 취식 금지 *만석일 경우 2시간 이상 매장 이용 불가 귀여운 촛불들 🕯 라프하우스에서 라프(RAF)의 의미는 Respect + Admire + Faith 좋은 단어들 하나씩 붙여서 만든 라프하우스✨ 아이스 아메리카노 (5,000원) 체리초코라떼 (6,500원) 석류펜지에이드 (6,500원) 석류펜지에이드는 탄산에다가 보라색 시럽을 넣어 먹는데 밑에 빨간 젤리가 들어있고 달달하니 맛있었다 체리초코라떼는.. 체리랑 초코랑 합쳐지니까 좀 내스타일 아님.. 포도파블로바1단 (11,000원) 사실 라프하우스 이거 먹으려고 왔음! 머랭케잌 위에 크림과 함께 포도조닥들과 블루베리, 산딸기?가 올려져 있다 크림 묻힌 머랭에 포도를 올려 먹으니까 달달하고 상큼하고 맛있었다 머랭 좋아하면 맛있게 먹을 수 있는 맛! 맛있는 머랭케이크 먹을 수 있는 디저트 카페 라프하우스 추천:)"
연남동 카페 디저트 카페 라프하우스,"연남동 카페 라프하우스는 디저트 카페라 식사를 마친 후에 들르는 곳이지만 술집을 들를 예정이라 술을 마시고 들러도 되지만 근처에서 술을 마시기 전에 먼저 들었는데요^^ 연트럴파크 사거리 근처에 있는 힙한 분위기의 디저트 카페인데 대표님께서 셰프 출신이셔서 모든 디저트가 수제이고 플레이팅이 화려하다는 특징이 있어요! 연남동 사거리에서 골목 안으로 들어가면 이렇게 상호가 보이는데요~ 위치는 홍대역 3번 출구에서 5분 거리에 있어 접근성이 아주 좋아요! 연남동 카페 라프하우스는 커피, 차, 에이드, 디저트를 판매하고 있고 2층에 있어요^^ 2층으로 올라가는 중에 벽에 붙은 사진을 보면 그리스 로마 신화에 나오는 그런 그림들이 보이네요^^ 바로 여기가 연남동 카페 정문! 여기서 주문을 하는 곳인데... 힙한 실내와 인테리어로 인스타 갬성이 어마어마하고요~ 파블로바 케이크,말렌카 케이크와 같은 흔하지 않은 수제 디저트로도 유명하며 2층에 위치하여 통유리창으로 뷰가 훌륭해요^*^ 개성미가 뿜뿜 넘치는 인테리어라 공간 공간이 사진을 담기에도 좋을 뿐 아니라 포토존으로서도 손색이 없고 SNS에도 담기에도 최적화가 되어 있네요^^ 하리보젤리를 떠 올리게 하는 곰돌이는 귀엽네요!! 포스터, 의자, 테이블 컬러감이 잘 매칭이 되고... 전체적으로 화이트톤의 벽에 아기자기한 분위기를 연출하는 인테리어~ 선인장도 잘 어울리는 분위기! 라프하우스는 원어로 RAF HOUSE인데 하우스는 집이란 뜻인데 라프는 무슨 뜻일까 궁금했는데 R는 RESPECT, A는 ADMIRE, F는 FAITH의 약자! 존중에 의한 공존이란 뜻인가 본데 뭔가 철학적 의미를 담아 어려워 보여요! 메뉴판을 보면 커피, 차, 디저트, 넌 커피, 에이드 이렇게 5가지로 나누어지네요^(^ 1인 1음료에 2시간이 넘지 않도록 이용해야 하고요! 디저트 카페이지만 메뉴를 자세히 알면 메뉴를 선택하는 데 도움이 될 듯~ 파블로바 케이크는 밀가루 함량이 전혀 없는 머랭 케이크에 마스카포네 크림과 제철 과일이 듬뿍 들어간 케이크 겉은 머랭 특유의 과하지 않은 달달함에 살짝 바삭한 식감이 일품 다이어트 포기 다쿠와즈는 폭신한 시트에 상큼한 레몬필링, 단짠단짠 조합의 흑임자 필링으로 채운 프랑스 디저트 라프라떼는 라떼위에 뿌려진 라프하우스 특유의 시그니처 마크가 인상적 일반 라떼와는 전혀 다른 오렌지 크림이 덮혀져 있어요 석류 펜지 에이드는 달달한 석류 시럽이 에이드 바닥에 투명 젤리와같이 깔려있고 그 위에 수제 펜지 시럽을 뿌려 시원하게 마시는 음료 펜지 시럽의 향이 기분까지 상큼하게 만들어줘요 말렌카 케이크는 설탕이나 시럽이 아닌 꿀을 사용한듯한 은은한 달달함에 코코아 가루가 섞여 기분이 업, 거기에 쉐프님의 흐르는 듯한 크림 데코를 추가! 디저트로 나온 것은 크로와상(제철과일) 밀가루와 버터로 반죽을 빚어 켜켜이 층을 낸 초승달 모양의 빵! 위에는 딸기 등 제철 과일이 토핑 되어 있는데... 동반인이 선택한 음료는 코코넛 라테 개인적으로 주문한 것은 밀크티 부드러운 맛과 향이 좋아 자주 주문하는 편인데 날씨도 춥고 따듯한 밀크티라고 생각했는데 아이스가 들어간 찬 것만 있다고 해요~~ 좀 아쉽지만 그래도 좋아하는 밀크티라 주문했어요! 밀크티는 가격이 제일 높은 거라 그런지 이렇게 라프하우스 상호가 들어간 플라스틱 병에 담겨 나오네요^*^ 밀크티, 코코넛 라테 그리고 크로와상 이제는 밀크티를 얼음이 들어간 유리잔위에 부어서 마실 준비 완료! 달달한 크림과 제철 과일이 들어간 크로와상과 함께 차를 마시는 좋은 시간이었어요! 라프하우스 서울특별시 마포구 동교로32길 10 2층 라프하우스 홍대입구역 3번 출구에서 나와 직진하다가 사거리에서 우회전한 다음 두 번째 우측 길로 들어서서 조금 가면 있어요"
[라프하우스] 힙한 연남동 카페는 바로 여기 (이색적인 인테리어+디저트),"한 줄 요약 여긴 진짜........... 빠져든다 빠져들어 라프 하우스는 연남동에 있어요 홍대 입구 3번 출구에서 도보 3분 거리입니다 골목길 카페가 핫하잖아요 요즘!! 오빠랑 요즘 카페 투어에 맛들려 연남동에 두어 번 왔었어요 카페는 가면 갈수록 빠져드는 곳... 오늘은 어디 카페를 갈지 기대하며 오빠랑 홍대에서 만나기로 했습니다 !(•̀ᴗ•́) و ̑̑ 라프하우스 서울특별시 마포구 동교로32길 10 2층 라프하우스 어릴 적엔 홍대에서 놀면 9번 출구였는데, 요즘엔 3번 출구에서 만나게 되는데요ㅎㅎ 9번 출구 쪽엔 브랜드 카페들이 위치하고 3번 출구 쪽엔 개인 카페들이 줄줄이 많이 있었어요 :) 저는 요즘 대형카페보다 인적이 드물지만 힙한 곳을 찾아다니고 있는데 라프하우스를 알게 되어 이번 연휴 때 가게 되었답니다 홍대입구역에서 라프하우스 가는 길 언발란스의 조화가 느껴지는 이 곳 연남동 골목길에서 말끔한 인테리어라니! 라프 하우스는 오픈한지 얼마 돼 보이지 않았어요! 새로운 카페 같다는 느낌을 많이 받았습니다 너무 말끔해도 거리감 느껴지는 곳이 있는데 여긴 거리에서 주는 친근한 분위기와 인테리어에서 주는 말끔한 분위기의 조화가 잘 어우러지는 듯했어요 언밸런스의 조화랄까요 ( ´･֊･` ) ﾌｯ 외관과 내부, 그리고 카페 앞거리 모두 카페의 힙합을 도와주는 것 같았어요 카페 아래엔 옷 가게던데 카페랑 같이 있으니까 멋져 보이네요 ㅎㅎㅎㅎ 운영시간은 11시부터 22시까지입니다 인스타그램도 있네요! @rafhouse_seoul RAFHOUSE COFFE TEA ADE DESSERT 2층으로 가볼까요 GO GO!! 이쁜 의자 두 개~~ 집에 가져가고 싶어요 >< 오픈 시간에 맞춰서 방문했더니 아직 내부엔 손님이 안 계시네요! (얼른 후딱 사진 찍어야지~) 저는 요즘 카페 의자들이 이렇게 다르게 있는 게 넘넘넘 이쁘더라구요!!!! 한 가지 의자 스타일로만 통일되어 있으면 뭔가 지루한 감이 있는데 의자 모양이 다르지만 결이 같은 스타일로 꾸며놓으면 언발라스 한 조화가 느껴져요 벽에는 여러 그림들 특이한 거울과 조명 가지각색 소품들이 하나같이 잘 어우러져서 라프 하우스만의 분위기를 만들어내는군요 이런 해골 디테일........ 너무 좋다고요ᅲᅲᅲᅲᅲᅲ 진짜 여기서 사진 안 찍고 넘어가면 간첩임...... ⌯'▾'⌯ 오빠 데려와서 한 컷 더... ㅎ 사장님한테 가서 인테리어 이쁘다고 한 열 번은 이야기한 것 같아요 ㅋㅋㅋㅋㅋㅋ 아니 이런 소품들 다 어디서 구해오셨지 심지어 내가 보고 온 블로그랑 인테리어가 다르던데 주기적으로 체인지 해주는 것 같더라고요.. 이런 디테일 너무 좋아 (୨୧•͈ᴗ•͈) 아직 손님들이 오지 않아 저희는 어디 자리에 앉을지 아주 행복한 고민을 시작했답니다 헤헤 먼저 주문부터 할까요? 아메리카노 5.0 별다방보다는 비싼 편이고, 음료 가격은 개인 카페 기준 평범 이상인 것 같아요 저희가 주문한 메뉴는? 라프커피(오렌지 비엔나) 엥프레세니스트 머랭롤라드(베리) 라프하우스의 메뉴는 미리 만들어놓지 않습니다. 신선하고 질 좋은 재료로 주문 즉시 풀 레이팅을 시작합니다. ▼ 미리 만들어 놓는 카페가 있어서 그런지 디저트나 음료를 미리 만들어 놓지 않는다네요! - 모든 디저트는 전문 조리사가 조리합니다. ▼ 일반 아르바이트생이 조리하는 게 아니라 전문 조리사가 따로 있나 봐요~ 그래서 그런지 조리시간이 10-15분 정도 소요되는 메뉴도 있다 하니 먼저 알고 있으면 기다릴 때 괜히 예민해지지 않을 것 같아요 ㅎㅎㅎ - 카페 이용 에티켓은? - 1인 1음료 - 주말/공휴일은 노트북 사용 금지 - 외부 음식, 음료 취식 금지 - 만석일 경우 2시간 이상 매장 이용 제한 말렌카 케이크 본사에서 정식으로 제품을 납품받는 가맹점이랍니다. 말렌카는 엘리자베스 2세 여왕의 생일 케이크를 만들기도 했던 체코의 케이크 전문 제조 브랜드인데, 라프 하우스 매장은 말렌카 본사에서 정식 납품을 받는군요!! 요즘 말렌카.. 마켓컬리에서 핫하더라구요 ㅎㅎ 오호 여기서 먹어보겠군여 ~~ 이히 여기서 뺴꼼샷 여기서도 빼꼼샷 아 이런 식물 좋아.. >< 저희가 주문하는 동안 두 팀이나 들어오셔서 후다닥 자리를 잡았어요 제일 사진 잘 나오는 자리 >< 여기 여기 여기!! 잘 알아두세요~ 촉촉함이 살아 있는 디저트, 갓 만들어서 그렇겠죠? 사진 찍는 동안 메뉴가 나왔는데 라프커피는 여기만의 시그니처 메뉴인가 봐요 ㅎㅎㅎ 오렌지향이 가득한 쌉싸름한 아인슈페너 느낌이었고요!! 티는 시원한 맛이 나서 오빠가 좋아했어요 근데 뭐니 뭐니 해도... 여긴 진짜 디저트인 듯 항상 오빠랑 카페 가면 디저트 하나씩 시키는데 이렇게 정성스럽고 고급 진 곳은 처음이었어요 보통은 디저트는 서브 메뉴다 보니 주문해서 팔거나 아니면 만들어놓고 판매하는 형식이라 갓 만들어진 느낌이 없었는데 여긴 주문하고 조리가 되다 보니 갓 만들어진 느낌에 신선한 맛이 느껴졌어요 특히 촉촉함이 살아있어서 꼭 여기 디저트 먹어보시길 바랄게요!!! 몇천 원의 돈이 아깝지 않았어요 ㅎㅎㅎ 딸기도 생딸기로 신선했고요 빵도 아닌 머랭? 빵인데 촉촉함과 부드러움을 말로 표현을 못하게.... 다 ㅎㅎ저흰 어딜 가나 짠... 커피는 이제 그만 짠하자고 ㅋㅋㅋㅋㅋㅋㅋ 읽어주셔서 감사합니다. 앞으로도 인스타 & 블로그로 소통해요 ♡"
"[연남동카페]인스타감성 , 힙한 라프하우스","오늘 초이스한 연남동디저트카페는 라프하루스입니다! 힙감성 가득 채운 라프하우스 서울 마포구 동교로32길 10 2층 라프하우스 영업시간 12:00 - 21:00 라프하우스는 홍대입구번출구에서 도보 5분거리로 연트럴파크와 아주 가까운곳에 있어서 찾기 쉬웠어요 ㅎㅎ 외관이 멋진 건물2층으로 올라가면 연남동카페 라프하우스만의 그림도 걸려있꾸요 피크시간에는 웨이팅이 많은편이여서 저희는 3-4시쯤 피해서 왔어요ㅎㅎ 라프하루스메뉴 라프하우스만의 시그니처메뉴인 라프커피와 석류펜지에이드를 주문했답니다! 사실 라프하우스는 연남동파블로바성지로 유명한 연남동카페지만 저희는 파블로파가 입에 안맞을까봐 걱정되서 파쿠아즈로 첫 경험해보기루 했어용 ㅎㅎ 라프하우스의 스티커도 소장 가능!! 핸드폰케이스에 붙이면 나도 힙쟁이 .. 라프하우스 이용안내 모든디저트는 전문조리사가 조리하면 대표님이 쉐프출신이셔서 모든 디저트가 수제이고 플레이팅이 화려하다고 하네요 ㅎㅎ 힙감성 라프하우스 라프하우스는 큰 통창으로 넓고 시원해보이며 라프하우스만의 힙한인테리어를 담고있었어요! 젤리곰돌이 쏘 큐트,., 난잡하지않은 인테리어들이 보기 좋았답니다 ㅎㅎ 뭔가 러프하면서도 심플한 느낌이 인스타 감성으로 딱일듯하더라구여! 요기 보이는 조명과 거울이 진짜 취저,,. 저기 조명 집에 가져가고 싶었어요! 통창앞 자리는 진짜 탐나는자리! 앞에 건물들이 그리 가깝지 않아서 탁 트인느낌이 여름과 잘어울린거 같다는 생각이 들더라구요! 오늘도 놓칠수없는 거울샷 라프커피(오렌지비엔나) / 석류팬지에이드 주문한 음료부터 먼저 나왔어요! 라프하우스만의 라프커피는 아메리카노위에 수제오렌지크림이 올라가 있는 비엔나커피라고 보시면될거같아요! 그리고 석류팬지에이느는 석류 + 진달레즙 에이드라고하시더라구요! 시럽같은걸 같이 주셨는데 이거를 넣어서 먹으면된다고 하셨어요!>< 이와중에 겁받침 넘 귀엽다 ㅋㅋㅋ 수제인거같아요~! 요렇개 보라색의 진달래즙인 팬지를 넣어주면 보라보라하게 바뀌어여!! 라프커피(오렌지비엔나) / 석류펜지에이드 으머머머 색 너무 이쁜거 아닌가요.... 먹기 아까워 ㅜㅜㅜ 진짜 붉은색 + 보라색 색조합 층져있는게 신기하고 칵테일 같아요! 석류팬지에이드를 만드는동안 파쿠아즈가 나왔어요!! 다쿠아즈랑 생김새는 비슷한거 같더라구요~ 석류팬지에이드는 진달래향이 진하지 않게 살짝느껴졌고 석류청?에 투명젤리들이 있어서 살짝 씹는 맛도 재밌고 달달구리 + 청량감에 만족했어요 >< 오렌지비엔나인 라프커피는 크림이 진짜 엄-청 부드럽고 오렌지향이 코로 들어와서 상큼한 느낌을 주는게 일단 비엔나랑은 다른 느낌의 커피였어요! 그리고 달지않고 아메리카노의 향을 잃지도 않는게 제 입맛에는 잘 맞았답니다! 그리고 처음 먹어보는 파쿠아즈!! 다쿠아즈랑 비슷한데 파블로파에 가까운 식감? 미니 버전 같았어요! 다쿠아즈처럼 쫀득함보다는 바삭한? 느낌이 더 강했다고나 할까요! 그리고 안에 들어가 필링이 부드러운 크림 + 라즈베리로 상큼하고 너무 맛있었어요! 진짜 필링이 미춌다...ㅎㅎ 파블로파가 부담스러우신 분들은 파쿠아즈도 추천드려요!! 라프하우스 서울특별시 마포구 동교로32길 10 2층 라프하우스 존재하지 않는 이미지입니다."
연남동 디저트 라프하우스 플레이팅 최고👍,안녕하세요. 한음입니다 :-) 요즘 저는 정신없는 하루 하루를 보내고 있는데요! 운영하던 카페 정리하면서 안에 물건 싹 치우고 옮기고 새로 단장하고.. 그리고 동시에 집도 이사를 결정하면서 이것저것.. 게다가 새로운 사업 준비에 아주 정신이 없었답니다 ㅠㅠ 벌어들이는 수입는 없고 돈 나가는 일만 계속 했지만 ㅎㅎ 그래도 앞으로를 위해서 나름 부지런히 움직였네요. 내년까지만 고생한다 생각하고 훨씬 더 나아질 거라 생각하며 맘 잡고 준비하고 있어요. 그래도 중간중간에 잠깐 시간이 나면 데이트도 하고~ 그랬는데 이번에 정말 정말 오랜만에 학생 때 친구를 만나서 연남동에서 아주 즐거운 시간을 보냈습니다. 제가 처음부터 풀코스로 모시겠다고 ㅋㅋㅋ 막 그랬는데 ㅎㅎ 다녀온 곳들 찬찬히 올려볼게요. 연남동에 위치한 라프하우스. 디저트 비주얼이 너무 예뻐서 여기다! 홀려 방문한 곳인데 여윽시 사진처럼 나오는 비주얼 끝판왕 연남동 디저트 집이었어요. 사진 찍는 거 좋아하는 분들에게 추천! 물론 맛도 있습니다 ^^ 카페 내부는 생각보다 아담한데 조용해서 좋았구요. 창가 자리는 창이 크게 나있어서 연남동의 거리를 보며 차를 마실 수 있어 좋았습니다. 메뉴도 다양한데 독특한!? 특별한 메뉴가 많아 도전! 색다른 걸 맛 보실 수 있을 거예요. 저는 워낙 얼죽아라 ㅋㅋㅋ 목을 추리는 시원한 에이드로 주문하고 함께 간 친구는 커피류를 주문했습니다. 그리고 후기 찾아보며 반해서 이것 때문에 방문한 파블로바 케이크까지! ✔️ 아몬드크림라떼 7.0 ✔️ 석류팬지에이드 6.5 ✔️ 파블로바 케이크 11.0 인테리어도 깔끔하면서 곳곳에 센스가 철철 보이는! 너무 예쁜 공간이었어요. 사진 찍기 넘 좋고 주문한 먹거리와 같이 찍어도 예쁘게 알록달록 잘 나오더라구요. 요즘 식물에 빠져서 ㅎㅎ 식물 보면 기분이 좋고 저도 막 키우고 싶고(잘 키울 자신이 없어 못 키우는 중) 그런데 열심히 공부해서 새로 들어가는 집에서 키워보려구요 :-) 거울도 넘나 귀염 뽀짝함 제가 주문한 석류팬지에이드 먼저 나왔어요. 말랑말랑 귀여운 받침대에 시럽은 따로 담아 나와 사르륵 뿌려 저어 먹음 되는데요. 이 하나하나가 섬세하게 준비하고 내 놓는 과정이라는 거! 제가 카페를 운영해봐서 이 노력과 마음을 잘 알고 있답니다. 엄청 준비하신 거 ㅎㅎ 그 다음에 나온 아몬드크림라떼! 비주얼 보세요 ㅜㅜ 하나하나 넘 예뻐요 그리고 드디어 나온 기다리고 기다리던 파블로바 케이크! 이게 일반 케익이 아니라 머랭? 비슷하게 되어 있구 위에 크림이랑 과일이 잔득 올라가 있어요. 머랭과 크림 그리고 과일을 한 번에 다 같이 먹어야 맛이 굿굿! 이랍니다. 비주얼 끝판왕.. 왜 연남동 디저트 맛집으로 꼽는지 알 것 같아요. 제가 과일을 참 좋아하는데 과일이 들어가서 더욱 좋았어요. 살짝 아쉬운 건 과일을 넘 잘게 잘라서 좀 더 두꺼웠음 좋겠다 정도? 석류팬지에이드 같은 경우는 시럽을 넣어 마셔야 하는데 제가 영상 찍으면서 넣다보니… 몰랐는데 뒤로 다 흘림 ㅠㅠㅜㅠ 슬프다.. 그리고 죄송하다. ㅠㅠ 그래도 너무나 완벽한 비주얼에 오랜만에 친구와 수다 떨면서 즐거운 시간을 보낼 수 있었답니다. 너무 예쁘지 않나요..? 또 가고 싶다 ㅠㅠ 반을 자르면 단면은 이런 느낌이에요! 싹 싹 비운 우리 둘 ㅎㅎ 다 먹고 본 구도.. 아 여기서 다 먹기 전에 찍었음 사진 진짜 예쁘게 나왔겠다 싶어 아쉬워 했던 저 ㅎㅎ 뼈 속까지 블로거인가여..? 사진 욕심이 있어서 ㅠㅠ 라프하우스 서울특별시 마포구 동교로32길 10 2층 라프하우스 라프하우스는 연트럴파크 사거리 근처에 있답니다! 아주 힙한 연남동 디저트 카페 중 하나~ 다음에 또 방문하고 싶어요 ^^
"케이크 맛있는 연남동 신상 카페, 라프하우스","정말 오랜만에 인천에서 놀러온 언니를 만났어요! 맛있는 저녁 먹고 언니랑 디저트 먹으러 연남동 신상 카페 탐방을 갔습니다. 인스타에서 봤던 라프하우스로 고고! 여기 말렌카 케이크 파는데 넘 맛있다고 소문이 자자해서 궁금했거든요~ 라프하우스 서울특별시 마포구 동교로32길 10 2층 라프하우스 연남동 신상카페 라프하우스 일 ~ 목 11시 ~ 21시 금, 토 11시 ~ 22시 인테리어가 매우 독특한 공간입니다. 테이블이 넓고 좌석별 간격도 넓은 편이라 편하고 좋았어요. 라프하우스 메뉴판 보여드릴게요. 넘나 괜찮은 가격!! 언니는 초코라떼 아이스 저는 밀크티 아이스 그리고 말렌카 시나몬으로 하나 주문했어요. 비주얼도 넘 예쁘죠 근데 맛은 더 대박이에요. 케이크 하나 더 시킬뻔 했어요. 진심으로... 밀크티는 부드럽고 진한 맛 냉침이 잘 되어있어서 홍차의 맛과 향이 충분히 느껴져서 좋았습니다. 맛있었어요 ㅋㅋ 밀크티 덕후 분들께도 추천하고 싶은 맛이에요. 초코라떼 이건 언니가 주문했는데~~ 이렇게 맛있는 초코라떼 처음이라고! 완전 인생 초코라떼라며 저도 궁금해서 먹어봤는데, 뭐랄까, 엄청 진한 초코맛인데 마냥 달달하거나 그런 질리는 맛이 아니에요. 진짜 맛있었어요. 말렌카 시나몬으로 주문했는데 신의 한 수네요... 라떼 주문했어도 넘 맛있었을듯해요. 꿀의 달달한 맛도 느껴지고 진짜 맛있어서 케이크 하나를 순식간에 다 먹은거 있죠. 언니가 하나 더 먹을거면 시켜준다고 ㅋㅋㅋㅋ ㅠㅠㅋㅋㅋ 시간이 넘 늦기도 했고 담에 와서 또 먹으려고... 이번에는 하나만 먹고 왔답니다. 여기 케이크 완전 맛있어요 ㅠ 음료도 정말 괜찮았기에! 최근 갔다온 연남동 신상 카페 중에 가장 괜찮은 집이었어요. 종종 찾아갈 것 같아요 :)"
연남동디저트카페 라프하우스 :: 홍대감성카페💕,"연남동디저트카페 라프하우스 :: 홍대감성카페💕 오랜만에 핫플! 홍대에 왔어요 친구랑 젊음을 느껴보고자 오긴 했는데 사람이 이렇게 바글바글 할수가 ....ㅋㅋㅋ 😱 오랜만에 연트럴파크도 걸어보고 홍대감성골목도 누벼보고 좋았답니다 ㅎㅎㅎ 홍대왔으면 갬성 카페 안가볼 수없겠죵? ㅋㅋㅋㅋㅋㅋ 연남동데이트코스 연남동디저트카페 라프하우스 상호 : 라프하우스 주소 : 서울시 마포구 동교로32길 10, 2층 운영시간 : 매일 낮12시부터 저녁9시까지 매장번호 : 0507 - 1389 - 7353 국민지원금 사용 가능 라프하우스 서울특별시 마포구 동교로32길 10 2층 라프하우스 연남동디저트카페 라프하우스는 연남동으로 나올 수 있는 홍대입구역 3번출구로 나와서 5분 정도만 걸으면 되는데 연트럴파크 사거리 근처에 있어서 쉽게 갈 수 있었어요 오 뭔가 깔끔해보이는 건물에 연남동카페 라프하우스가 있더라구요 😆 느낌있는 돌계단을 쭉 올라가면 2층에 연남동카페 라프하우스가 나오는데 뭐야뭐야 인테리어 너무 힙하잖어 ㅋㅋㅋ 외부부터 힙하게 꾸며진 연남동디저트맛집 라프하우스 ㅋㅋ 진짜 인스타갬성 카페네요 ㅎㅎㅎ 한쪽 벽면이 통유리창이여서 느낌 있고 또 다른 벽면은 디자인 글씨로 벽화를 그려놨고 ㅋㅋ 어머 진짜 사진빨 잘나오겠다 ㅎㅎㅎㅎ 셀카를 마구마구 찍고 싶은 곳이였어요 ㅎㅎ 인기가 많아서 그런지 사람들도 바글바글 🥰 연남동카페 라프하우스는 이런 인스타갬성 카페로 유명한데 디저트도 맛있다고 소문난 곳이였어요! 특히 파블로바케이크가 정말 유명해서 서울파블로바성지로도 불리더라구요! 저 파블로바케이크 뭔지 모름...1도모름.... 메뉴중 베스트인거 같았는데 말이쥬 ㅋㅋㅋㅋ 파블로바케이크 좋아하는 사람들은 그것만 먹는다고 해서 궁금해서 찾아봤는데 밀가루함량이 전혀없는 머랭케이크에 마스카포네 크림과 제철과일이 듬뿍 들어간 케이크라고 하더군여! 겉은 머랭의 특유의 과하지 않는 달달함에 살짝 바삭한 식감이 정말 맛있다고! ㅎㅎ 오호 맛있긴 하겠당 ㅎㅎㅎ 미리 주문만 하면 2단 파블로바케이크도 만들어준다고.. 대박쓰 하지만... 파블로바케이크는 못먹었어유 밥먹고 바로 간거여서 너무 배가 부르더라구요 친구랑 진짜 고민하다가 여기서 케이크 먹으면 배 터저...죽어...이러면서 ㅋㅋㅋㅋ 그냥 간단히 다쿠와즈랑 커피만 주문했어여 ㅋㅋ 라프커피 6,500원 바닐라라떼 6,000원 다쿠와즈 3,800원 라프커피가 시그니처 메뉴였는데, 궁금하더라구요! 그래서 한번 주문해봤어요 ㅎㅎ 아메리카노 위에 수제오렌지 크림이 올라간다고 하는데 대체 뭔 맛일까 궁금하더라구요 ㅎㅎ 😁 라프하우스는 연남동디저트카페답게 다양한 디저트를 판매하고 있었는데 카페 사장님이 쉐프 출신이여서 모든 디저트가 수제래요! 그리고 플레이팅이 진짜 화려한게 특징이라고 ㅋㅋ 와우! 멋지당 ㅎㅎ 쉐프출신이여서 말렌카케이크, 파블로바케이크 처럼 흔하지 않는 수제 디저트를 만드시는 거 같았어요 ㅎㅎ 이렇게 수제 디저트가 맛있으니깐 연남동디저트맛집으로 라프하우스가 유명할 수밖에ㅋㅋㅋㅋ 말렌카케이크는 체코 전통의 쫀득한 식감의 케이크인데 꿀을 사용해서 달달하게 만들고 거기에 코코아 가루를 섞어서 더 맛있게 만든 케이크래요! 거기다가 크림데코를 추가해서 모양도 맛도 맛있다고 하는데 궁금하더라구요 아...밥 먹지 말고 올껄 ㅠㅠ 너무 배부른 상태서 와버렸..ㅠㅠ 😭 다음에는 꼭 디저트를 다 먹어보리라!ㅋㅋㅋ 짠! 주문한 음료와 다쿠와즈가 나왔어요 ㅎㅎ 💕 통 유리창 바로 앞에두고 커피 마시자니 진짜 감성이 어마무시하네요 ㅋㅋㅋ 사진 대박 ㅋㅋㅋ 친구한테 나 요래 요래 찍어줘 잘 나왔어? 이것봐 너두 해봐 ㅋㅋ 이러면서 한참을 사진만 찍었네요 ㅎㅎㅎ 바닐라라떼는 귀엽게 하트까지 그려주셨어요 ㅎㅎ 귀여워 ㅎㅎ 라프커피 생각보다 괜찮더라구요! 처음에 솔직히 오렌지와 아메리카노가 어울리나? 했거등요? 근데 왠걸 맛있어요 오렌지 향과 맛이 아메리카노와 정말 잘 어울리는데 이게 뭐지? 이랬어요 ㅋㅋ 왜 맛있지?ㅋㅋㅋ 😊 친구가 라프커피 주문하고 제가 따뜻한거 먹고 싶어서 바닐라라떼 주문한거였는데 친구 라프커피 제가 다 뺏어먹었다는....ㅎㅎㅎㅎ 다쿠와즈도 상콤한 필링이 촉촉하고 푹신한 시트랑 잘 어울려서 라프커피와 함께 먹으니 맛있더라구요! 솔직히 다쿠와즈는 달달한 바닐라라떼보다는 라프커피랑 더 잘 어울렸어요ㅎㅎ 연남케이크 연남동디저트맛집 그래서 친구꺼 라프커피를 계속 뺏어 먹게된거 같아요 ㅋㅋㅋ 연남동카페추천 연남동디저트카페 셀카 잘 나오는 홍대갬성이 느껴지는 카페라서 그런지 커플들이 참 많더라구요 연남동데이트 연남동커피 연남동데이트코스 연남동디저트카페 라프하우스는 연남동데이크코스로도 유명한거 같았어요 ㅎㅎ 좋겠다 커플..😳 나도 꼭 다음에 남자친구 만들어서 연남동데이트할때 같이 와야지! 연남동카페, 연남동케이크 연남동디저트 연남동디저트가 맛있는 라프하우스 인스타그램 🔻 라프하우스(@rafhouse_seoul) • Instagram 사진 및 동영상 팔로워 823명, 팔로잉 3명, 게시물 94개 - 라프하우스(@rafhouse_seoul)님의 Instagram 사진 및 동영상 보기 instagram.com"
연트럴파크 연남동 디저트 라프하우스,"연트럴파크 연남동 디저트 라프하우스 비가 오는 날 혼자서 연트럴파크 연남동 디저트 뿌시러 갔어요 히히 :) 이번에 다녀온 곳은 라프하우스 라는 곳인데 일층에 이렇게 까만색 간판이 서있어요 ! 지나칠 뻔 했는데 바로 발견할 수 있었답니다 밖이 보이는 구조라서 탁 시원할 것 같다는 느낌이 들었어요 :-) 얼른 계단으로 총총 올라가 봤답니다 ♥ 가자마자 메뉴판 부터 정독했어요 클릭하시면 크게 보인답니다 커피도 있고 논커피, 에이드 다양하게 준비 되어 있기 때문에 이 중에 내가 좋아하는 거 하나는 있겠지 라는 느낌이 들었어요 ㅎㅎ 그리고 #연트럴파크카페 와서 빠질 수 없는 게 디저트 종류아니겠어요? ㅎㅎ 파블로바는 물론이고 케이크, 다쿠아즈도 준비 되어 있었답니다 #말렌카케이크 는 저도 첨 봤어요. 흔하지않아서 왠지 여기 와서만 먹을 수 있을 것 같았어요- 그렇게 재방문은 무조건 예약^_^ #라프하우스 뜻도 알아 보면서 주문 완료 했어요- 메뉴판에는 없었는데 옆에 보니깐 까눌레가 있더라구요 제가 겉은 바삭 하고 속은 촉촉 한걸 좋아하다보니... 너무 궁금해서 그걸로 할께요 바로 말해버렸어요 히히 인테리어도 예쁘고 곳곳에 놓여져 있는 소품도 감성적이었어요:) 차근차근 보니 엄청 이뻤어요. 저의 취향 제대로 반영! 이런 분위기 좋아하시는 분들이라면 꼭 와보시면 좋겠어요 - 강추합니당 주문한 까눌레세트와 허니레몬티 나왔어요. 저도 요즘 취향을 알아가는 중인데 은근 티 종류를 좋아하더라구요 히히 항상 실패할 확률도 좀 낮구! 연남동 디저트는 까눌레 골랐는데 처음에는 똑같은건줄 알았거든요! 반전이 있었고 아래에서 확인 가능 ♥ 상큼한 컬러만큼이나 맛도 기대가 됐는데.. 처음 비쥬얼은 핑크레몬에이드 같았거든요. 근데 탄산맛이 딱 빠져서 엄청 깔끔해요! #연남동까눌레 먹다보니 여동생 생각이...! 동생이 참 좋아하는 거라 ㅎㅎ 요렇게 포크, 나이프 주신걸로 잘라보니 까꿍, 너무 속살 뽀얗게 등장하는거 아니냐며. 겉바속촉의 정석이였답니다. 제가 집이랑 가까운 편은 아닌데 친구들이랑 홍대쪽에서 자주 보다보니 은근 #연남동카페 많이 다니게 됐거든요? 근데 여기가 그 중 원탑이에요!!! 엄청 유명한 곳도 가봤는데 웨이팅없이 훨씬 고퀄을 맛볼 수 있어서 앞으로 여기로 다녀야겠단 생각이 들었어요 ;-) 원래 이렇게 인스타감성카페같은 경우는 맛보다는 그냥 인테리어 위주로 선택하고 오기때문에 어느정도 감안하는데 여긴 감성, 맛 두가지 모두 성공적이었음 - 또다른 하나는 초코:-) 히히 반전이죠!!! 그래서 세트였음 사장님께서 쉐프출신이래요- 그래서 수제 연남동디저트를 맛보게 된거였네욤 히히 비오는 날에 굳이 방문을 하고 운동하러 나간답시고 외출한건데 이렇게 핫하고 힙한 라프하우스 알게되어서 넘 뿌듯 ㅎㅎㅎ 올라가는 길도 예쁘죵 ㅎ.ㅎ 모두 잘 다녀오시구 맛나게 드시고 힐링하세요!!! 라프하우스 서울특별시 마포구 동교로32길 10 2층 라프하우스"
라프하우스 : 연남동 파블로바,"라프하우스 서울특별시 마포구 동교로32길 10 2층 라프하우스 영업시간 매일 12:00 - 21:00 라프하우스(@rafhouse_seoul) • Instagram 사진 및 동영상 팔로워 939명, 팔로잉 3명, 게시물 120개 - 라프하우스(@rafhouse_seoul)님의 Instagram 사진 및 동영상 보기 www.instagram.com 라프하우스는 골목에 위치해있다. 메뉴 2층이 카페이고, 테이블은 6개 정도. 4명 앉을 수 있는 테이블 1개 있고 나머지는 2인 테이블이었던 것으로 기억한다. 내부가 크지 않아서 저녁 시간 지나니 웨이팅 하는 사람들도 볼 수 있었다. 파블로바 케이크(12,000), 아메리카노(5,000) 바닐라라떼(6,000) 내가 파블로바를 진짜진짜 좋아하는데, 내가 딱 좋아하는 스타일로 파는 곳이 많이 없다. 다른 카페에서 파블로바(머랭 케이크)를 판다고 해서 가보면 수제팬케이크 등...의 경우가 많았다. 나는 오린지의 파블로바를 제일 좋아하는데 송리단길에 위치하고 있어서 자주 가지는 못했다. 연남동에도 이런 파블로바가 있다는 걸 지금 알았다. 자주 갈 예정이다. 파블로바는 머랭 케이크로, 겉은 바삭하고 속은 쫀쫀한 식감이다. 혼자는 다 못먹는다. 느끼해. 나는 바닐라라떼에 시럽 말고 파우더가 들어간 것을 더 좋아하는데, 파우더가 들어가있고 너무 달지 않아서 커피 맛있었다. 완전 만족한 내 취향의 카페였다. 연말을 마무리 할 때라 다이어리도 적어주었다."
[연남동/홍대] 이색 맛집 발리문 & 라프하우스 + 바비 후기,"이날은 오타쿠들이 아닌 바비걸들과 우리의 홈타운 홍대 이색 맛집을 가보았어용 바로바로 발리문🏝️ ⬇️⬇️ 발리문 서울특별시 마포구 동교로 248-1 2층 현지 느낌 가득한 맛집이라고 해서 전부터 가보고 싶었던 발리문 ! 브레이크타임 지나고 한 5시 40분? 쯤에 도착했는데 웨이팅이 살짝 있어서 잠깐 대기한 후에 들어갔다 우리는 치킨른당 미고랭 발리새우커리 이렇게 3개 시켰는데 직원분이 먹는 방법을 하나하나 자세하게 설명해주셨다 근데 저 과자 아무리 봐도 알새우칩인디 치킨른당은 진짜 향신료맛이 찐했고 설명대로 밥이랑 같이 먹어야 좀 중화되는 느낌 커리랑 미고랭은 향신료가 그렇게 찐하진 않고 적당히 입맛에 맞을 정도라 단독으로 먹어도 괜찮 ! 결국 젓가락 안 내려놓고 계속 먹었다 (›´-`‹ ) 담에 가면 나시고랭도 먹어보고 싶움 ! 모투누이 갔는데 자리가 없어서 소하염전을 갔는데 또 자리가 없어서 오랑지 가려다가 일찍 닫길래 오게 된 라프하우스… 휴 힘들다 라프하우스 서울특별시 마포구 동교로32길 10 2층 라프하우스 아이스 파블로바가 매우매우 궁금했었는데 파블로바에 바닐라 아이스크림 + 구슬아이스크림 올라간 시원한 파블로바였다 쫀쫀하고 달달하고 아주 맛도리야… 아이스크림이랑 궁합이 상당한듯 그리고 무엇보다 비주얼이 죽인다 찍으라고 대주는 착한 친구들 ㅋㅋㅋㅋ🤍 위에 패션후르츠청? 을 뿌려먹으라고 주셨는데 상큼달달하고 좋았다… 또 먹고 싶고 그렇습니다 상달파 아닌데도 넘 맛있었네욥 그리고 보러온 바비 바비를 위해서 드레스코드를 바비처럼 입고 오기로 했는데 우리밖에 안보임 오마이갓 바비 이즈 히얼,, 그리고 연남 cgv 빈백석이었는데 너무나도 편안 ( ¤̴̶̷̤́ ‧̫̮ ¤̴̶̷̤̀ ) 베개 끌어안고 누워서 보니까 무릉도원이네요… 였다 바비 짱 재밌음 일단 색감이 너무 예쁘고… 뭔가 생각보다 개그요소가 많은데 진지함 웃긴 장면에선 진짜 웃긴데 진지할땐 진지하고 가부장제라는 단어가 엄청나게 등장한다고 후기를 본거 같았는데 정말 쏟아져 나온,, 그리고 마고로비가 너무 예쁘고 인형이었다,, (이런 대사 쓸거면 마고 로비 캐스팅 하지마세요) 바비가 켄이랑 사랑에 빠진다거나 그런 마무리가 아니라서 더 좋았음 켄은 … 그냥 켄이니까요 (+ 바비 보러 온 남자들은 이미 누군가의 켄이라는 후기가 웃겨서 캡쳐했다)"
[RAFHOUSE] 연남동 통창이 매력적인 카페 라프하우스,"RAFHOUSE 영업시간 매일 12:00-21:00 미나리 삼겹살을 먹은 날 입가심을 할 카페 찾아 삼만리 원래는 다른 카페를 가려고 했으나 너무 덥고 습해 가지 못하고 미나리 삼겹살 바로 맞은편에 있는 카페로 돌진 풀뜯는 돼지 바로 맞은편 건물 2층에 위치하고 있다 라프하우스 서울특별시 마포구 동교로32길 10 2층 라프하우스 계단을 따라 2층으로 올라가면되고 만석일 땐 문 앞에 있는 대기 명단을 작성하면 된다 자리가 나면 사장님께서 전화해주심 우리가 갔을때는 자리가 있어서 바로 착석 카페 자체가 큰 편이 아니라 자리가 많진 않다 메뉴는 꽤 다양한 편 우리는 아아와 무슨 에이드, 나폴레옹페스츄리, 말렌카케이크 초코를 주문 바는 오픈 형식으로 카페보단 펍 같은 느낌 메뉴에 칵테일이나 맥주를 판매하고 있어서일까.. 앞쪽에 귀여운 초들도 판매하고 있다 모든 디저트들은 전문 조리사님이 맨드신다고 하니 뭔가 기대가 된달까,,, 카페 분위기는 요즘 갬성..? 사실 나는 아직도 요즘 갬성을 모르겠어~ 힙하면서도 갬성적이고 평범한 사람들은 이해할 수 없는 것이 요즘 갬성일까 갬성 공유 좀 합시다~! 아마 죠기에 있는 문이 화장실인듭,,? 우리가 주문한 메뉴들 메뉴는 자리로 가져다 주신다 그릇이 마치 페트와매트에 나올 것 같넴? 나도 찍어본다 감성 사진 왼쪽이 나폴레옹, 오른쪽이 말렌카 나폴레옹 페스츄리는 일반 페스츄리보단 무거운 편이다 달달 무거운 맛..? 말렌카케이크는 체코식 디저트라는데 쫀듯한 맛이 있다 진짜 쫀~득은 아니고 케이크치고 쫀쫀하다 정도 맛은 둘다 너무 맛있다 프랜차이즈 카페에서 크림 케이크 먹을 때 있는 텁텁한 느낌이 없다 아메리카노는 그냥 무난~ 에이드도 달달하니 맛있다고 했다 연남동삼거리에서 카페를 찾는다면 한번쯤 가볼만한 곳 그러나 멀리멀리에서 일부러 올 정도는 아닌 곳 풀뜯는 돼지 방문 후 카페를 가고자 한다면 추천!! #내돈내먹 #연남동카페 #연남동삼거리카페 #라프하우스 #RAFHOUSE #아이스아메리카노 #말렌카케이크 #나폴레옹페스츄리 #연남동디저트 #연남동카페추천"
연남동 이색디저트 파블로바&말렌카 맛집 라프하우스,"평소 궁금했던 디저트가 있어요 수플레 & 파블로바 바로 수플레와 파블로바에요 이미 유행한 지는 좀 됐지만 한 번도 안먹어봤거든요 둘 중에 무얼 먹을까 고민하다가 상대적으로 파블로바를 파는 곳이 드물어서 연남동에 있는 파블로바 파는 곳으로 향했습니다 연남동 파블로맛집 라프하우스 점심을 먹은 테이커테이블에서 가까운 거리에 있던 라프하우스😺 사진속 건물 2층에 위치해있었습니다 일요일 오후 12시 30분쯤 방문했는데 저희가 첫 손님이였어요~! 검색했을땐 평점도 높고 인기 많은 곳이라 봤는데 들어가니 손님이 없어서 갸우뚱 했어요! 알고보니 12시에 오픈해 아직 손님이 없었고 입구엔 대기명단까지 있는거 보니 파블로바 맛집이구나 하고 안도했어요😊 실제로 나갈땐 대부분 테이블이 꽉 찼어요 내부는 요런 느낌😺 한 면이 통창이라 시원시원했구요 뭔가 카페보단 사무실 같은 느낌이였어요 ㅎㅎ 저는 요기 4인 테이블에 앉았습니다 아늑한 분위기랑은 거리가 먼 라프하우스에요 🔻 라프하우스 메뉴 라프하우스는 커피메뉴가 적은 편이에요 그치만 시그니처인 오렌지비엔나 커피도 있고 아몬드크림라떼도 있어요 블렌딩티도 있구요! 🧡 그리고 그리고!!! 디저트 라인업이 임팩트 있었어요 ➿ 🍓 딸기파블로바 1단/2단 ➿ 머랭롤라드 ➿ 말렌카케이크 ➿ 말렌카초코롤 ➿ 나폴레옹 페스츄리 그리고 주방에 주류들이 보이는데요 연남 라프하우스는 하이볼, 맥주, 데낄라도 판매해요🙋🏻‍♀️ 카운터엔 귀여운 초들도 있어요 ㅎㅎ 🍓 파블로바 1단 말렌카초코롤 아메리카노 궁금했던 파블로바를 드디어 먹어봐요!😋 말렌카초코롤도 하나 주문했어요 말렌카 케이크 본사에서 납품받는 미국 전통 가정식 느낌의 디저트라는 문구에 골라보았답니다🙋🏻‍♀️ 🔻 연남 라프하우스 화장실 그리고 중요한 화장실! 내부에 있었고, 남녀공용이에요 카페 인테리어와 비슷한 화장실! 깔끔하게 관리되는 듯 했어요 🔻 연남 라프하우스 아메리카노 파블로바는 조리시간이 있어서 커피가 먼저 나왔습니다😊 산미도 적고 바디감도 적어 가볍게 마시기 좋은 아메리카노였어요 🔻연남 라프하우스 파블로바&말렌카 그리고 나온 디저트들!!!!🙋🏻‍♀️ 이건 말렌카에요~~ 엄청 신기한 텍스쳐에요! 안엔 머시멜로 같은데 쫀득하고~~ 빵은 빵대로 부드럽고! 전체적인 맛은 초코보단 베리의 상큼한 맛이 강했고 빵은 달지 않았어요!✨ 초코롤 말고도 다른 맛 말렌카 케이크들도 먹어보고 싶더라구요~~! 그리고 파블로바🍓🍓 돌판 같은 접시에 슬라이스 된 과일과 먹음직스러운 크림이 올려진 파블로바!!😺 메뉴 주문할때 함께 주문한 초에요~ 친구 이름이 보라라서 보라색 초를💜 사장님께서 센스있게 라이터도 함께 주시더라구요~!! 생일축하 노래도 부르구요🎶 이제 먹기좋게 컷팅컷팅! 겉은 머랭쿠키같은 바삭 바사사삭한 느낌에 안은 눅진한 머시멜로(?)의 쫀득한 식감이에요 바사삭, 쫀득, 부드러움이 다 있고 과일의 상큼함과 크림의 부드러움, 머랭의 단 맛을 다 느낄 수 있는 디저트였어요😊 이제 파블로바는 경험해봤으니 다음엔 수플레를 먹어봐야겠어요😋😋 이색 디저트가 있던 연남 파블로바!!! 말렌카케이크 먹으러 또 가볼까봐요🎶 🔻 영업시간 매일 12:00~21:00 라프하우스 서울특별시 마포구 동교로32길 10 2층 라프하우스"
"[홍대] 연남동디저트 맛있는 카페 ""라프하우스"" 머랭룰라드 JMT ✨❤","백만년 만에 연남동 방문 오랜만에 연남동 디저트카페 다녀왔다 💛 #라프하우스 #연남동카페 #연남동디저트카페 카페는 음료도 맛있구 디저트도 맛있어야 하는데 라프하우스는 둘 다 만족❤️‍🔥 파블로케이크 맛집이라고 하는데 밤에 너무 헤비 할 것 같아서 머랭룰라드 주문했다. 담에 낮에 방문하면 파블로케이크 맛 봐야지 😋 코로나 한 참 심해지고 나서는 홍대/연남동 자주 오지 못했는데 오랜만에 나오니 역시 젊음의 거리여서 젊어지는 기분이었다. 코로나로 인해 영업제한이 9시라 술 대신 카페에 방문. 라프하우스 서울특별시 마포구 동교로32길 10 2층 라프하우스 ** 네이버에 있는 영업시간 정보 ** 12:00 - 22:00 카운터에 손소독제, 물티슈, 휴지 준비되어있었다💛 라프하우스 메뉴판 Rafhouse menu 라프하우스 메인 디저트가 파블로케이크인데 주문하면 바로 만들기 때문에 10-15분 정도 소요된다구 한다. 나는 머랭룰라드 주문했는데 위에 올라간 크림도 바로 만드심..! 미리 만들어 놓은 디저트가 아니라서 신선도 최고였다. ❤️ 라프하우스 대표님이 쉐프출신이셔서 모든 디저트가 수제이고 흔하지 않은 디저트라구 한다. #서울파블로맛집 인정 테이블은 8-10 자리정도 있었던 것 같다. #연남동카페추천 #연남동커피 통창으로 된 카페라 트인 느낌 연남동 카페 라프하우스 내부는 요즘 트렌디함을 모두 모아져 있어서 보는 재미 쏠쏠했음 포스터 붙여진 좌석에서 사진 찍으면 잘 나올듯! 창가자리는 2인용 자리여서 짐 놓기가 애매했다. 그래서 의자 3개있는 자리로 선택! 저 모듈선반.. 갖구싶었던 건데 라프하우스에 있었다 자몽에이드 자몽블랙티 머랭룰라드(베리) 머랭룰라드는 초코와 베리 중에 선택할 수 있는데 베리는 딸기였다 🍓🍰 자몽에이드 자몽에이드는 밑에 깔린 자몽청을 잘 섞어먹으면 되는데 달달하면서 맛있었다! 글구 생 자몽도 들어갔다!! 자몽블랙티 나는 자몽블랙티룰 선택했는데 블랙티에도 마찬가지로 생자몽이 들어가있었다! 스타벅스 자몽허니블랙티에서 허니를 뺀 맛이였다. 달달함은 없었지만 블랙티와 자몽의 조합이 좋았다. 베리 머랭룰라드는 말해뭐해 계란 흰자로 만들어서 그런지 너무 부드럽고 생딸기와 크림의 조합이 최고 🍓❤️ 곳곳에 거울도 있어서 연남동 포토존 맛집카페당 담엔 파블로케이쿠도 먹으러가야지~ 재방문 200%"
[Daily] 6월 일상 ① 경복궁 맛집 도토리브라더스/ 서촌 카페 아르크/ 연남동 라프하우스 파블로바 케이크,"오랜만에 묭이랑 만났던 날 만나기 전에는 서촌에서 놀자고 했었는데 막상 지금 보니 경복궁 앞에서만 놀고 헤어진듯..?ㅋㅋㅋ 도토리브라더스 서울특별시 종로구 경희궁길 41 1층 도토리브라더스 #도토리브라더스 만나자마자 밥을 먹으러~ 도토리 브라더스라는 곳에 갔다 주말 3시쯤이었는데 웨이팅 한 10분 하고 들어간듯 입구에 있던 귀여운 도토리들.. 덮밥류, 파스타, 계란 샌드위치 등등이 있었다 수저가 담겨있던 종이봉투인데 도토리브라더스를 맛있게 먹는 방법이 만화로 그려져있었다 마요네즈 넣어서 먹기, 라유 넣어서 먹기.. 음료로 메론소다도 시켰다 완전 시원하고 맛있음 알고보니 메론소다 맛집 이건 온천계란 까르보나라 까르보나라 위에 반숙 계란이 올라가있다 꾸덕하고 맛있음 ! 느끼한거 못 먹는 사람들은 먹다보면 좀 물릴 수도.. 이건 아보카도 골든 에그 살몬 연어덮밥 위에 아보카도와 온천계란이 올라간 거! 이것도 맛있었다 먹다가 마요네즈 넣어서도 먹고 매콤한 라유 넣어서도 먹고.. 까르보나라, 연어, 마요네즈 다 개운한 음식은 아니라 같이 나오는 백김치가 정말 잘어울린다 피클같고..상큼하고.. 최고 카페아르크 서울특별시 종로구 인왕산로 3 1층 카페 아르크 그리고 간 카페는 #카페아르크 처음 갈까 했던 곳은 서촌 인왕산 유원지라는 카페였는데 좀 걸어야하길래 밥 먹은 곳 근처에 있는 카페아르크로 갔다~ 주말인데 루프탑에 자리가 많길래 이득인 줄 알았지만..... 와 정말 뙤약볕! 오랜만에 비타민d 열심히 합성했다 그리고 음료 좀 마시고 사진 좀 찍다가 1층으로 내려감 1층이 오히려 자리가 없었다ㅋㅋㅋ 인왕산뷰 선선한 날씨, 그늘 자리에 앉으면 좀 여유롭게 뷰를 즐길 수 있을 듯 1층에서는 사직공원 벽이 보인다 불편한 소파 자리에서 더위 좀 식히고 음료 좀 마시다가 사직공원 둘러보고 스타벅스로 감ㅋㅋㅋ 넘 더웠던 6월 주말... 찐 여름에는 얼마나 끔찍할 지 기대됐다 니꾸킹버거 서울특별시 마포구 동교로34길 17 니꾸킹버거 이 날은 오랜만에 동몽이와 만난 날~ 연남동으로 수제버거를 먹으러갔다 바베큐 버거였는데 달달한 불고기소스맛!! 롯데리아 불고기버거 소스맛이었고 난 생양파를 좋아함 그리고 여기는 같이 사이드로 나오는 콘..튀김? 시즈닝 옥수수가 맛있었다 자꾸자꾸 손이 가는 맛 라프하우스 서울특별시 마포구 동교로32길 10 2층 라프하우스 그리고 연남동의 #라프하우스 위치도 괜찮고 사람도 많지 않았고 (앉아있다보니 많아졌지만..) 인테리어도 예쁘고 음료랑 디저트도 맛있었던 곳! 요즘 인테리어 트렌드는 또 모던미드센츄리라며.. 그건 또 뭐람 여기가 그런 스타일인지는 확실히 모르겠는데 막 올화이트, 올대리석, 라탄 이런 인테리어보다 이런게 내 스타일긴해..! 귀여운 거울 하지만 좀 높았다,, 그리고 얼마 전에 매직해서 내 머리 좀 낯설어 #망고파블로바 이거 한참 머랭쿠키 만들 때 한번 만들어보고싶었는데 머랭쿠키 굽는거 엄청 오래 걸리고..전기세 장난 아니라 머랭쿠키보다 큰 파블로바는 생각도 못했다 하여튼 맛있었음 예쁘기도 하고 폭신 달달 또 먹고싶다 버스타고 집에 오는데 구름이 엄청 커다람.. 하늘 진짜 이상했다 비오기 바로 직전인데 그리고 저번에 만들었던 도자기 구워진것도 받았다 사진은 동몽이가 보내준거 꼬물 비숑과 동그란 토끼 악세사리 트레이로 화장대위에 뒀다 여름에 악세사리를 많이 해야겠구만"
서울 연남동 | 파블로바 케이크 먹으러 간 [라프하우스] 내돈내산 솔직후기,오늘의 린 카린 오랜만에 쓰는 카페리뷰~ 이번에 찾아간 곳은 라프하우스 영업시간 : 매일 12:00 ~ 21:00 위치 라프하우스 서울특별시 마포구 동교로32길 10 2층 라프하우스 #라프하우스 #라프하우스리뷰 #라프하우스후기 공연까지 시간이 좀 떠서 근처 연남동 카페에서 시간을 좀 보내자~ 하고 찾아간 곳! 근처 카페 리뷰를 찾아보다가 언니가 라프하우스의 케이크를 보고 여기로 가자고 했다 파블로바 케이크라는 수제케이크... 언니는 맛있는 디저트를 잘 찾기도하고 먹고싶은게 많은 사람이었고 난 다 좋았기때문에 별 고민없이 여기로 결정~ 라프하우스~ 연남동은 지도 없으면 절대 길 잃을 듯 여기 사는 사람들도 올때마다 지도 앱을 보고 따라가지 않을까 생각한다 ㄹㅇ 길찾기 어렵 2층에 위치해 있다 사람이 많았고 내가 가장 중요하게 생각하는 의자친구는...ㅎ 인스타 감성... 이었다 즉 엉덩이 딱딱 불편ㅎ 그리고 책상이 너무 좁아서 네명이면 음료만 놓아도 꽉 찰듯 하다 언니가 테블릿 가지고 왔는데 불편하게 사용했다 내부가 작은편이라 테이블 간격이 좁아 좀 불편했다 옆 테이블 사람들과 일행인척 가능~ 남 이야기 듣기 가능 그리고 우리 들어오고 바로 테이블 꽉 찼다 인기 많은 곳인듯 벽에 이렇게 감성적으로다가 포스터가 붙어있어서 열심히 찍어봤다ㅎㅎ 메뉴를 고민했는데 우린 둘이서 - 파블로바 케이크 11000\ - 아메리카노 5000\ - 라프커피 6500\ 으로 시켰다 역시 연남동.. 가격이 아주 사악하다 라프커피 시킬까 아메리카노 2잔 시킬까 고민하다가 그래도 여기까지 왔는데 대표 음료는 먹어봐야할 것 같아서 라프커피로 시켰다 음료는 매우 빨리 나왔다! 목이 굉장히 마른 상태여서 케이크 기다려서 같이 찍고 싶었는데 케이크가 진짜..^^ 수제케이크라 그런지 어어어어엉어어어엄청 늦게 나왔다 ㄹㅇ..^^ 그래서 결국 못참고 음료수 찔끔찔끔 먹음ㅎ 대충 이렇게 생겼다 오렌지 비엔나가 올라가 있다 맛은 새콤한데 달았다 첫맛은 오~? 맛있다~!!! 였는데 케이크와 함께 먹기에는 너무 달았다ㅜ 단거에는 역시 아메리카노만한 음료수가 없는 듯ㅎ 아메리카노 사랑해~ 그리고 크기가 작았다ㅎ 6500원인데 내 주먹만하다 하지만 저 작은 양에도 다 못먹고 남기고옴ㅜ 단거 별로 안좋아하시면 비추 그래도 둘이서 나눠먹으면 먹을만하다 아메리카노는 5천원이지만 양 많고 난 신미가 강한 아메리카노를 별로 안좋아하는데 여기 케이크랑 이 아메리카노가 정말 엄청 잘어울렸다 케이크가 짱 달아서 아메리카노의 신미가 하나도 안느껴지고 완전 찰떡궁합 둘이서 라프커피 말고 아메리카노랑 케이크만 열심히 먹었다 그리고 진짜 오래기다려서 나온 케이크~! 파블로바 케이크 처음 먹어보는데 굉장히 쟁반이 신기한곳에 올려서 나왔다 이것이 바로 인스타 감성이란걸까... 돌감성 케이크를 보고 느낀 것은 11000원인데 작다! 라는 생각과 와 딸기를 어떻게 이렇게 잘랐을까 라는 궁금증 진짜 완전 슬라이스다 반대편이 비칠정도로 얇게 썰려있다 딸기가 많이 올라가 있어 보이는 효과를 위해 얇게 썬걸까? 예쁘지만... 딸기가 씹히지는 않는다 그냥 녹아버린다 데코가 짱 예쁘게 올라가있고 예쁘다 이래서 케이크 나오는데 시간이 오래걸렸구나 싶었다 조심스럽게 건들여 보는 언니 그리고 반을 잘라봤다 겉바 속쪽 한 머랭케이크에 마스카포네 크림이 들어가있다고 한다 머랭이라 푸석? 파삭? 한 식감의 케이크다 그리고 딱 보이듯이 굉장히 달아서 도저히 단 라프커피랑 같이 먹을 수 없었고 파블로바 케이크를 시키신다면 꼬옥 아메리카노랑 같이 드세요~!~! 완전 잘어울립니다. 가격은 사악했지만 새로운 느낌의 디저트였기 때문에 한번쯤은 가볼만한것 같다 완전 인스타감성느낌이구 린슐랭 ★★★ 재방문 ♥
연남동카페 라프하우스 + 파블로바케이크,"파블로바케이크 11,000원 라프하우스의 예쁨이 한가득있는 디저트 #머랭케이크 라고 생각하면되는데 넘 이쁘고 블루베리 망고는 정말 달고 신선했다. 라프하우스는 연남동에 있어요. 아무래도 주차공간은 없어보여요. 라프하우스 서울특별시 마포구 동교로32길 10 2층 라프하우스 코엑스 디자인페어 온 느낌이 가득한 의자와 테이블 조명들까지 라프하우스 라는 이름하고 어울리는 연남동카페 이날 역시 더웠고 저는 창가쪽에 앉았어요! 푸른색의자도 괜히 디자인적 감각 더 있는 느뀜!! 연남동카페 라프하우스에서 나오는 노래들이 하나하나 다 너무 좋더라구요! 사장님감각이 돋보이는 노래들 그리고 이 의자 ? 쇼파? 왠지 엔틱하면서도 엔틱하지않은 고급미가 좔좔 ㅋㅋㅋㅋㅋ 제가 좋아하는 꽃도 있어서 더 이뻤던 공간! 창가자리에서 보이는 view 연남동은 참 재미있는동네에요. 오래살던 사람들은 여기가 이렇게 젊은이들이 좋아하는 공간이 될 지 전혀 몰랐겠죠? 연남동카페들도 연남동맛집 연남동셀프사진관까지 젊은친구들이 마구마구 나오다가 오래된 연남동 주택에서 할머니 할아버지들이 집에서 나오는거보면 또 그게 참 재미져요:) 라프하우스에서 말하는 #존중에의한공존 처럼요 ^^ #RAFHOUSE 아참, 라프하우스 메뉴들 중에서 #라프라떼 6,500원 요거 꼭 드셔보세요. 기본 라떼에 오렌지맛이 나는데 - 저는...딱 ... #22세의맛 이라고 표현하고 싶더라구요. 혼자간 연남동카페 라프하우스에서 대학때 생활과 20대초반때의 생각을 하면서 또, 연남동하니 남편과의 추억이 많이 많이 생각나면서 역시 ! 연남동은 굉장한 공간 !!! 라는 생각을 ㅋㅋㅋ #뱅앤옵룹슨 스피커에서 나오는노래들 좋아서...네이버로 음악찾기 막 했어요 헤헤:) 드디어 !!! 밀크티와 라프라떼 등장 * 라프라떼는 꼭 꼭 드셔보시길 바랄께요! 커피 + 우유 + 크림 + 오렌지시럽 + 위에가루 저는 늘 가던 카페에서는 아메리카노 혹은 라떼먹는데 새로운 카페에서는 #시그니처커피 를 마신답니다. 밀크티도 넘나리 맛있어옹 !! 커피잔이 굉장히 묵직하고 밑부분이 특색있어서 하나 따라사고싶////던......ㅋㅋㅋㅋㅋ 파블로바케이크 11,000원 요건! 뭔가 ㅋㅋㅋ 호텔에서 나올비쥬얼 블루베리까지 맛있더라구요. 초만 꽂으면 바로 생일파티 가능 라프하우는 오픈한지 얼마안되어서 그런지, 식기들도 기스없이 새거라 더 좋더라구요 키킼 맛있고 예쁜 디저트를 원한다면 꼭 꼭 ! 라프하우스 기억하세용! 다양한 연령대의 사람들이 등장하는 #연남동 그나마 덜 본 연령층은 아이들?! 마스카포네크림과 제철과일 그리고, 머랭케이크 혼자쉬기도 좋지만, 친구 세명씩 와서 놀면 더 좋을공간이 연남동카페 라프하우스에용 헤헤 https://www.instagram.com/rafhouse_seoul/ 라프하우스(@rafhouse_seoul) • Instagram 사진 및 동영상 팔로워 150명, 팔로잉 1명, 게시물 21개 - 라프하우스(@rafhouse_seoul)님의 Instagram 사진 및 동영상 보기 www.instagram.com 라프하우스가 더 궁금하신분들은 인스타그램 클릭"
라프하우스(RAF HOUSE)/ 연남동 수제디저트 카페,"라프하우스(RAF HOUSE):: 연남동 수제디저트 카페에서 오늘은 연남동에서 핫한 연남동카페 "" 라프하우스 "" 리뷰 라프하우스는 커피/티/디저트/칵테일/비어까지 다양하게 판매하는 곳이더라고요 이런 곳은 대체로 맛있던데 궁금해서 한 걸음에 2층까지 올라가보았습니당 연남동카페 라프하우스의 내부 분위기는 이렇습니다 ! 깰꼼쓰하고 힙한 느낌 뿜뿜 곳곳에 인테리어를 넘 예쁘게 해놓으셨더라구요 ! 파랭이곰도뤼 조명 넘 취저 연남 View- 한쪽 면이 완전 통창이라 밖에 보기도 좋고 여러모로 시야가 넓어서 시원한 느낌을 주는 공간이에요 의자도 파란색, 검은색, 불투명한 의자라 채광이 너무 좋은 창가 쪽 자리도 정말 좋더라구요! 통유리창이어서 답답하지 않고 푸릇푸릇한 요즘같은 날씨에 최고최고 ~~! 원두타입을 선택할수 있어요 제가 갔을때에도 이미 연남동에서 유명한 카페여서 [ 딸기파블로바케이크 11,000원 ] 아니 이거 셋 다 처음 먹어보는데 한 입 먹자마자 다들 띠용 ? 모야 이거 몬데 이케 맛있더 ?0? 🎂 찾아보니까 파블로바 케이크가 머랭시트에 마스카포네 크림 얹어서 폭신폭신 Strawberry paviova 1단/2단 11,000/16,000원 머랭시트라 그런지 처음에는 사진처럼 과자 같았꾸 첫입은 되게 파삭파삭 했는데 씹을 수록 쬰득 쫄깃하고요 폭신폭신 그래서 마시멜로우인가 ? 했는데 머랭이었어 !!! 🤍 위에 크림이랑 과일들도 아낌없이 올려주셔서 진짜 행복했고 사진 찍느라 바쁜 일행 친구들 뭔가 수플레팬케이크 처음 먹었을 때의 그 촉촉함과 폭신폭신함까지 #딸기파블로바 1단 인데 비주얼마저 러블리함 #파블로바케이크 는 밀가루함량이 전혀 없는 제철과일이 듬뿍 들어간 케이크라고 했어용디저트플레이팅이 정말 러블리해요 정말 고오급 호텔라운지에 가서 볼 수 있을만한 디저트같더라구요 ! 안에도 가득 들어있던 크림과 과일들 ! #블루베리 #산딸기 큐브모양으로 잘린 #키위 #바나나 까지 ! 밀가루로 만든 빵보다 덜 과한 달달함과 가볍지만 겉빠속쫀의 머랭 오늘 처음으로 머랭의 매력이 푸욱 빠졌어요 ! 겉은 정말 바삭했고 안쪽에 쫀쫀한 머랭에 크림올리고 각자의 취향대로 과일 올려서 상큼함까지 가득함 힙한 매장내부 초록초록한 요즘같은 날씨에 채광좋은 카페 흔하지않은 수제디저트 디저트비쥬얼이 정말 아름답기까지했던, 맛까지 훌륭훌륭했던 #연남동디저트카페 #라프하우스 연남동카페 진짜 많은 거 아시져 ,, 그만큼 맛있는 디저트들도 많은데 다음에는 고민하지 마시고 라프하우스 방문하면 성공 파블로바 케이크는 진차 꼭 드세요 !! 밀크티도 넘 맛있움 아몬드크림라떼도 맛있었어서 라프커피도 맛있을 것 같아요 ! 그냥 여기 크림자체를 잘하는 곳 크림 들어간 건 다 맛있어요 사장님이랑 직원분도 넘 친절하게 응대 해주셨어서요 재방문의사 100% 연남동카페 라프하우스 매우 추천 라프하우스 서울특별시 마포구 동교로32길 10 2층 라프하우스 #서울맛집 #마포구맛집 #홍대입구역맛집 #연남동맛집 #연남동카페 #연남동케이크 #연남동디저트 #연남동데이트 #연남동커피 #연남동데이트코스 #연남동카페추천 #연남동디저트카페 #연남케이크 #연남동디저트맛집 #서울파블로바 #연남동파블로바 #청귤에이드 #아몬드크림라떼 #라프하우스"
😞 연남동 'ℝ𝕒𝕗𝕙𝕠𝕦𝕤𝕖(라프하우스)' 카페 방문 솔직후기.. 파블로바..,"카페 투어 좋아하는 사람! 나야나 오늘은 연남동 카페 '라프하우스' 후기를 들고 왔습니다 원래 '작당모의' 가려고 했는데... 만석이라서.. 포기했다 카페는 언제 자리가 날지 모르는 곳이므로 빠른 포기가 답 그래서 급하게 검색하다가 근처에 파블로바 파는 카페가 있길래 고민도 안 하고 바로 갔다 라프하우스 서울특별시 마포구 동교로32길 10 2층 라프하우스 메뉴는 요로코롱 실내 분위기 파블로바 케이크 ₩11,000 무려.. 11,000원이올시다 근데 맛은 진짜... 내가 먹어봤던 파블로바 중 가장 맛없는 파블로바 겉은 바삭하고 안은 쫀득한 식감으로 먹는 건데.. 전혀 쫀득하지 않았고.. 이상하게 자꾸 몽글몽글한 식감이 느껴져서 거부감이 느껴졌다 결국 거의 다 남김.. 돈 아까워서 과일만 주섬주섬 집어먹음 비쥬얼만 그럴듯했던.. 진짜 파블로바 이런 맛 아닌데 ㅠㅠ 진짜 연남동에 파블로바 파는 곳이 있길래 바로 달려간 거였는데.. 친구는 청귤에이드! 라프라떼? 아마 내가 주문한 게 이거였던 거 같은데 음료마저도 맛이 없어서 다 남김 원래 카페 들어와서 몇 분 지나면 빈 접시여야 하는데.. 우리 둘 다 파블로바 귀신이라 원래 1인 1파블로바인데 ... 카페에 있던 가짜 꽃 창가 분위기 좋다 뭐가 저리 행복한 건지.. 애매한 거울 위치 이 와중에 양유나 바지 ㅋㅋㅋㅋ 무슨ㅋㅋㅋㅋㅋ 아니 왜 저래 ㅋㅋㅋㅋㅋㅋㅋㅋㅋㅋㅋㅋㅋ 지금은 핑크머리이신 유나양 다음에는 내가 만든 파블로바 후기를 들고 와야겠어.. 귀차니즘 어떻게 극복하나요.."
[라프하우스] 연남동 카페: 딸기 파블로바케이크,한가로운 2월 28일 (월차쓰는 날) 월요일 연남동 라프하우스에 갔다! 원래 프랭키클럽(카페)에 가고싶었는데 마침 휴무라 라프 하우스를 검색해서 갔다. 내 사랑 카카오맵에서 평점 5점이었음…💜 원래는 포스팅 할 생각이 없었는지라 내부 분위기 사진은 없지만 딸기 파블로바 케이크의 비주얼에 반해서 이걸 올리려고 글을 쓴다..! 딸기 파블로바 케이크 (가격은 1만원 초반이었음) 딸기를 얇게 썰어 살살 녹는다. 머랭도 부서지듯이 녹아서 달달한데 크림이랑 찰떡궁합이다. 느끼함을 딸기가 잡아준다. 아이스 아메리카노도 맛있음 딸기 파블로바 케이크… 연남에 온다면 또 갈만한 카페인듯하다. 내부는 넓진 않다. 열테이블도 안됐다. 조금 소규모의 카페 여자사장님인지 직원 분이 굉장히 친절하셨다. 우리가 갔을 때는 첫 웨이팅이라 5분 정도 기다렸는데 세시가 넘어가니까 웨이팅이 길더라. 서너팀 기다렸던듯 라프하우스 연남 라프하우스 서울특별시 마포구 동교로32길 10 2층 라프하우스 #연남카페 #연남동카페 #홍대카페 #라프하우스 #파블로바케이크
연남동디저트맛집 라프하우스🍰,"내돈내산 리뷰입니다🥰 맛있는 #파블로바 사진으로 시작해보도록 하겠습니다 이제 이웃분들의 시선을 사로잡는,,, 화려한 파블로바🥰 쫑이랑 #연남동카페 #라프하우스 에 왔다. 아직 오픈한 지 5개월도 채 안된 신상카페ㅎㅎ 연남동은 나름 자주 오는 편인데 올 때마다 뭐가 자꾸 바뀌어있어서 올 때마다 새로운 가게를 찾는 재미가 있다. 입간판처럼 2층에 있는 #라프하우스 ...! 날씨가 좋은데 또 카페 한 편이 통유리라 기대가 됐다ㅋㅋㅋㅋ 들어가는 입구>< 올라가는 계단에 분위기 있는 포스터가 잔뜩 붙어있다. 그리스로마신화 느낌도 나고...! 그리고 들어가서의 카페 분위기도 포스터 분위기와 비슷하다. 들어가볼까요?! 내가 오늘의 첫 손님이었다😘 라프하우스 🍰 #연남동맛집 #연남동카페 일-목 11:00 ~ 21:00 금~토 11:00 ~ 22:00 라프하우스 서울특별시 마포구 동교로32길 10 2층 라프하우스 전체샷🥰❣ 화이트&블랙에 오브제들이 포인트로 놓여져있다. 오픈한 지 얼마 안돼서 요즘 느낌 가득한 매장ㅎㅎ 하나하나 사장님이 직접 모으신 디자인 오브제들이 다른 듯 비슷한 분위기를 내고있다. 깔끔하면서도 시크한 느낌이 좋았다. 나도 이렇게 모델하우스같은 집 갖고싶다 현실 : 바닥에 앉은뱅이 책상놓고 생활 날이 좋아서 창문 옆에 바로 앉았다😘 자리에 앉으면 저렇게 #라프하우스 간판이 보였다. 연남동의 장점은 이렇게 창밖을 보면 주택가가 보인다는 거🥰❣ 소소한 동네의 모습을 즐길 수 있어서 좋다. 손만 나오는 손 거울샷😘❣ 디자인 오브제들이 이곳저곳에 옹기종기 모여있어서 카페를 구경하는 맛이 있다😚😚😚 개인적으로 물 포스터(?)가 마음에 들어서 어디서 구매하셨는지 묻고 싶었다. 카운터는 이렇게 블랙톤 위주의 오픈주방이라 음료를 만드는 걸 눈앞에서 바로 볼 수 있다. <존중에 의한 공존> 라프 하우스의 라프 RAF 뜻이 RESPECT ADMIRE FAITH 여서 라프라고 한다ㅋㅋㅋㅋ 무료로 가져갈 수 있는 스티커도 카운터에서 무료로 배부해 주신다!!! 라프하우스 메뉴판ㅋㅋㅋㅋ 다른데서 쉽게 볼 수 없는 디저트들이 눈을 사로잡았다. #연남동디저트맛집 이 될 수 있을지 알아보는 과정을 거쳐보겠습니다. 일단 #라프하우스 시그니처인 라프라떼와 석류팬지에이드, 그리고 파블로바를 시켰다!! 꺄아아아악 예쁨 미친거 아니냐고요 특히 저 #파블로바 ... 쫑이랑 보고 현실감탄 내뱉었다. #라프하우스 시그니처 라프라떼! 라떼 위에 오렌지 크림이 올라간건데 크림이 생각보다 묵직해서 커피와 잘 섞이진 않았지만 맛이 독특해서 좋았다ㅎㅎ 석류팬지에이드는 동영상으로>< 팬지 시럽을 섞으면 저렇게 음료가 보라색으로 물든다ㅠㅠㅠ♡♡ 쫑이 말로는 알갱이가 씹히는, 베리향이 강한 풍선껌 맛이라구🥰 하지만 누가 뭐라고 해도 #연남동맛집 #연남동카페 #라프하우스 의 최고는 이 파블로바입니다ㅠㅠㅠ 파블로바는 호주의 전통 디저트인데, 머랭을 크게 쳐서 팬케잌처럼 굽는? 요리이다. 처음 먹어봤는데 겉은 파삭 하고 속은 쫀득해서 쫑이랑 나랑 둘 다 완전 대박이라고 과일이랑도 넘 잘 어울린다고 호들갑떨면서 먹었다🥰❣❣ 제 친구 사진솜씨 대박이죠? 비슷한 핸드폰 다른 넉낌,,,ㅎ 진짜 #연남디저트맛집 이라고 할 수 있을만큼 완전완전 맛있었다 파블로바 하나로 모자랐던 우리... 원래는 까눌레를 먹으려했으나 그날 품절인 관계로 초코말렌카도 시켰는데 이것도 정말 맛있었다,,, 떡과 빵의 중간 식감이었는데 이날 말렌카도 처음 먹어보고 폭 빠져서 계속 찾아보는 중 정말 눈도 즐겁고 입도 즐겁던 라프하우스🥰❣ 디저트가 넘넘 맛있어서 (특히 다른데선 볼 수 없는 파블로바 👍👍👍 완전 추천합니다) 다시 가볼 마음 100만개ㅋㅋㅋ 새로운 #연남동디저트맛집 부수기 성공😆❣ 끝!"
"라프하우스 | 식상한 카페가 질렸다면, 디저트가 특별한 연남동 카페RAFHOUSE(+인테리어 보는 재미쏠쏠)","식상한 디저트는 멈춰! 아래 영상으로 생생한 후기 보고 가세요! +머랭 케이크의 바삭한 소리 들을 수 있읍니다 (ASMR 재질) 영상으로 모든 설명이 가능하다 식감이 재밌는 머랭케이크와 라프커피 한 줄 코멘트 여긴 찐이다..! 디저트도 정말 맛있구요, 프랜차이즈 카페에 질리신 분들이라면 추천 박습니다! 연남동에 있읍니다 홍대입구역 3번 출구에서332m 미술학원 다니느라 연남동에 자주 왔었는데 여긴 처음 방문했읍니다..!! 라프하우스 서울특별시 마포구 동교로32길 10 2층 라프하우스 퇴사도 했겠다, 연남동이 생각나서 친구와 함께 가봤읍니다! 날씨 넘나리 좋은 연남동 남정네들끼리 무슨 카페냐 하겠지만, 디저트에 진심이라 좀 힙한데 없나 몰색하던 차에 라프하우스를 알게 되었읍니다 (일반 카페는 아주 질려먹었음) 라프하우스 입구 오픈한지 얼마 안 된 것 같았어요..!! 그리고 보통 카페와는 색다른 분위기라서 더 끌렸읍니다 운영시간은 12시-21시 입니다! 사진과는 다르게 운영시간이 한 시간 앞당겨졌읍니다.. (당황) 운영시간 잘 확인하시고 방문바랍니다! 전화번호 0507-1389-7353 인스타그램 @rafhouse_seoul 그럼 2층으로 들가볼까요? 라프하우스 계단 아무래도 제가 자유의 몸이다 보니 좀 이른 평일에 방문했는데 손님이 몇 없었읍니다 역시 평일 짱^^ (쵝오) 라프하우스 내부 라프하우스 내부는 이렇읍니다 깔끔하지만, 일반 카페랑은 남다른 차별성이 느껴지는 인테리어였읍니다 곳곳에 보이는 독특한 디자인의 의자, 인테리어 소품이 인상남네요 윽 셀카 좀 찍어주고..(시강 지송) 머랭이라 식감이 독특했던 디저트 파블로바케이크 11,000KRW 일반 카페에서 먹어볼 수 없는 맛이에요! 꼭 시켜드세요! 두 번 드세욧!! 머랭의 부드러움을 한 껏 느낄 수 있읍니다 +재밋는 식감은 덤 파블로바 케이크 11,000KRW 무화과 굿 특히 무화과랑 같이 먹으니까 한층 더 맛이 있었읍니다! 겉은 바삭하지만 속은 쫀뜩한 식감입니다 +제철과일은 덤 시그니처 메뉴_라프커피&나폴레옹 페스츄리 라프커피_6,500KRW 나폴레옹 페스츄리_5,500KRW 수제 오렌지 크림이 더 얹어져 있어서 풍부한 맛으로 아메리카노를 더 맛있게 먹을 수 있었는데요, 옆에 보이는 것은 나폴레옹 페스츄리라는 디저트입니다 한 입 먹자마자 바삭한 식감과 함께 맛있게 먹었읍니다! ""우왓 맛있다..!"" 모든 디저트는 주문과 동시에 만듭니다 디저트가 맛있는 이유가 있었읍니다..! 그래서 머랭케이크에 얹어진 과일도 신선했던 것 같읍니다 일반 카페에 비해 나오는 시간이 10-15분 정도 소요되는 점 참고 하세요! 저희 남정네들은 입맛도 까다로운 편인데 이번 카페는 레알 만족도 별 다섯개였읍니다 이번 주말에 미술학원 가는데 다시 가봐야할 것 같읍니다! 뻔한 카페에 지겨우신 분들이라면 적극 추천합니다! 89년생 초식남 유튜브에서도 활동 중입니다"
연남동 카페] 라프하우스 RAF HOUSE,"6월 초에 연남동에서 밥먹고 카페 찾다가 우연히 발견한 [RAF HOUSE] ! 다녀오니 신상카페였어서 포스팅을 쓴다 ! 두 달이나 지났지만 ••• 라프하우스 RAF HOUSE 영업시간 : 오전 11시 ~ 오후 9시 금,토 - 오전 11시 ~ 오후 10시 라프하우스(@rafhouse_seoul) • Instagram 사진 및 동영상 팔로워 516명, 팔로잉 1명, 게시물 29개 - 라프하우스(@rafhouse_seoul)님의 Instagram 사진 및 동영상 보기 instagram.com 라프하우스 서울특별시 마포구 동교로32길 10 2층 라프하우스 원래 가려던 카페가 생각보다 늦게 열어서 방황하다가 찾은 라프하우스 ! 2층에 위치해있다 올라가니 문에 적혀있는 [RAF HOUSE] 알고보니 오픈한지 얼마 안 된 카페였고 평일 오후 12시쯤 방문했는데 우리뿐이었다 ! 들어가서 바로 QR체크 하면서 메뉴를 살펴봤다 👀 MENU📋 나는 카페인을 줄이고 있기 때문에 석류팬지에이드 , 치은이는 아이스아메리카노 주문 🙌 디저트에 있는 친구들은 다 첨 보는 친구들이라 다 궁금했지만 ,, 체코 전통이자 쫀뜩한 호두 케이크라는 말렌카케이크를 주문 🙌 메뉴 아래에는 손소독제, 물티슈 , 냅킨 그리고 라프하우스 스티커가 있었다 ! 하나 가져와서 케이스에 넣어두었다 ㅎ.ㅎ 내부 테이블은 8개 정도 ! 우리는 4번째 사진에 있는 쇼파 옆 창가자리에 앉았다 테이블마다 의자랑 테이블 디자인이 다 다르고 디자인이 몬가 힙한 넉김이라 좋았다 주문하고 이리저리 구경중에 귀여운 거울들이 있어서 지나치지 못한 나 ,, 검정 풍선 같은 거울 넘 탐나 ••• 곳곳에 오브제랑 인테리어가 감각적이라서 구경하는 재미가 있었다 👀 석류팬지에이드 (6,500원) 아이스 아메리카노 (5,000원) 말렌카케이크 _호두 (7,000원) 10분정도 후에 나온 메뉴들 🙌 이리저리 구경하고 있으니까 금방 나왔다 위에 사진은 역광이라 보정을 좀 한거라 요건 보정안한 사진 ! 커피 맛은 산미가 있었는지 기억안남 ,,, 석류팬지에이드는 보라색이라 넘 예뻤다 💜💟🦄🟣 시지않고 적당히 상콤새콤한 맛이었는데 신맛을 전혀 먹지 못하는 치은이는 이게 어떻게 안시냐구 물어봄 ... 진짜 안 셔.... 내 블로그에 빠질 수 없는 디저트 자르는 짤 ➿ 포옹신퐁신하게 잘리는 중 ➿ 짠 👐 단면은 지층처럼 층층이 쌓여있고 쫀쫀하면서 폭신한 느낌이고 맛은 고소하면서 좀 달달하다 위에 크림이랑 함께 먹으면 더 마싯가 ! 사람이 우리뿐이라 넘 여유롭게 잘 쉬다 온 [라프하우스] 담에 가면 다른 디저트 머거보고싶다ㅏ 이 날 치은이가 선물로 준 책인데 몬가 여기 카페랑 잘 어울렸다 테이블이 흰색이라 더 그런듯 ! 암튼 잘 먹고 잘 다녀왔습니둥 ᕕ( ᐛ )ᕗ __끝➿"
"연남동카페::라프하우스 (감각적인 인테리어, 파블로바, 코코넛라떼)","벌써 3주째 홍대행입니다. 어쩌다 이렇게 되었지..?ㅋㅋㅋ https://m.blog.naver.com/jjbins426/222503341765 친구랑 연남동 데이트 (솔솥, 라프하우스, 소품샵, 테리로제떡볶이) 도대체 매번 어디서 이런 장소들을 알아오는 거니? 저나 남자친구는 매번 어디갈까 싶으면 계속 검색하고 ... m.blog.naver.com 이날의 목적이었던 솔솥에서 와규솥밥을 먹구요. 커피를 마시기 위해 찾아본 카페입니다. 원래 파블로바를 먹기 위해서 <토라비>를 가려고 했는데요. 매번 올때마다 토라비를 가기도 했고... 제 기준 토라비 커피가 아주 맛있던 건 아니어서 이번엔 다른 곳으로 가보자 했더랍니다. (이게 잘못된 선택이 될 줄이야...) 라프하우스 서울특별시 마포구 동교로32길 10 2층 라프하우스 건물 외관도 감각적이네요. 계단으로 2층으로 올라오시면 오늘의 카페인 <라프하우스> 입니다! 저희가 방문했을 땐 사람이 없더라구요! 토요일 한 1시 좀 안되서 방문했는데. 이날 토라비를 안 간 이유 중에 이것도 한 몫 했습니다. 토라비는 사람이 너어어어어무우우 많거든요... 여기는 사람이 없고 한적해서 좋더라구요. 아이맥을 메뉴판으로 쓰시는 사장님 클라스- 저는 코코넛라떼 아메리카노 포도 파블로바 총 22,000원 를 주문했습니다! 메뉴판에는 파블로바만 있는데요. 위에 올라가는 과일을 고를 수 있게 해주시더라구요. 무화과와 포도 중에 고르시면 됩니다. 저는 무화과를 좋아하지 않기 때문에 포도로 주문했습니다. 기다리는 동안 카페 구경을 했는데요. 메뉴판 앞에 이게 명함이려나요? 굉장히 모던하고 감각적이죠?ㅎㅎ 아무렇게나 막 찍었는데도 굉장히 예쁘게 나오더라구요! 저도 이런 감각이 있었으면 좋겠는데... 제가 인테리어를 하면 왜 그렇게 촌스러워 보이는 걸까요...?ㅠㅠ 토라비에서는 파블로바를 주문하면 꽤 오래 기다렸는데 이곳은 금방나오더라구요. (만들어 놓으시는 건가...) 플레이팅만 보자면 굉장히 아릅답습니다. 그런데.... 맛은 좀.... 파블로바가 호주식 머랭 케이크라고는 하는데요. 토라비에서 먹었던 파블로바를 생각하면 이건 그냥.... 머랭이더라구요;; (심지어 크기 생각하면 가격도 훨씬 더 비싼....) 뭐 특별한 맛과 식감이랄 것도 없구요. 그냥 굉장히 큰 머랭 덩어리입니다. 저는 심지어 먹을 때 달걀 비린내가 나서.... 도저히 못먹겠더라구요....ㅠㅠ 플레이팅은 무척 예뻤습니다. 아무렇게나 막 찍는데도 그냥 다 예쁘게 나오더라구요. 같이 시킨 코코넛라떼입니다. 코코넛 라떼는 맛있었어요! 커피가 조금 걸쭉한 듯 했구요. 많이 달다고 생각했는데 파블로바를 먹고 먹으면 많이 달지 않은 커피더라구요! 또 아랫쪽에 코코넛 알갱이라고 해야 할까요, 가루라고 해야할까요? 침전물이 조금 가라앉아 있었구요. 고소하고 달달하면서 부드럽고 맛있었습니다! 인테리어도 예쁘고, 플레이팅도 좋은데.... 저는 앞으로는 그냥 가던 데로 가지 않을까 싶습니다. https://m.blog.naver.com/jjbins426/222487106167 파블로바 카페::토라비 (홍대카페, 홍대파블로바) 이곳은 대학친구가 처음 알려주면서 가보게 된 카페입니다. 저는 여기서 파블로바를 처음 먹어보게 되었는... m.blog.naver.com #연남동카페 #홍대카페 #홍대라프하우스 #라프하우스 #연남동라프하우스 #라프하우스파블로바 #연남동파블로바 #홍대파블로바 #홍대파블로바맛집 #연남동파블로바맛집 #연남동 #토라비 #홍대카페맛집 #연남동코코넛라떼 #코코넛라떼 #카페인테리어 #연남동카페인테리어"
[연남동카페] 라프하우스에서 석류에이드랑 말렌카케이크 / 포토존 많아요,외국 분위기 나는 연남동 카페 라프 하우스에 다녀왔어요! 홍대입구역 3번 출구에서 5분도 안걸렸던 것 같아요! 라프하우스 입구 인테리어 들어오자마자 너무 이뻐서 사진부터 찍었어요.. 1인 1음료!이고 주말에는 노트북 사용이 금지 ㅎㅎ 평일엔 가능하군요! 제가 좋아하는 스티커 ! 항상 카페 가면 챙겨와요 ㅎㅎ 이쁘기도 하고 문에다 붙여놓기용으로 ? 저는 시그니처 음료 ! 석류팬지에이드랑 말렌카케이크 레몬맛 주문했어요 ㅎㅎ 이쁜 포스터가 있는 벽지 !! 여기가 바로 포토존인것 같아요 :) 저는 오늘 혼자 와서 찍어줄 사람이 없어서 많이 아쉬웠어요 ㅠㅠㅠ 다음엔 꼭 친구랑 와야겠다고 다짐했어요 제가 정한 포토존 하나 더 ★ ▼ ▼ ▼ ▼ ▼ 바로 이 자리!! >< 조명도 있는데 은은하고 벽에 영문이랑 반대편 건물과의 콜라보..?로 더욱더 외국 카페같고 사진이 이뻤어요 !! 이런식으로 찍으시면 됩니다...ㅎㅎㅎ 마음에 드는 사진 >< 주문한 말렌카케이크가 왔어요! 비주얼도 좋고... 맛은 과연!! 식감이 정말 쫀득하고!! 저는 살짝 느끼할 줄 알았는데 크림이 그런 느끼한 느낌은 아니었어요😚 딱 당 떨어지는거 잡아주고 촉촉 쫀득쫀득?! 석류 에이드도 함께 나왔는데 시럽?을 넣으면 보라색으로 촤르르 섞인답니다 너무 이뻐요.....ㅠㅠㅠㅠ 인스타에서만 보던 그 카페 음료 제조를 내가 완성한 기분이랄까...ㅎ! 짜잔 오묘한 색상으로 바뀐 석류에이드!! 칵테일 비주얼입니다 :) 다시 한번 라프하우스 카페 포토존 보여드릴게요 ㅠㅠ 언젠가 집 꾸미기 카페처럼 해보고 싶어요 저의 작은 꿈 ...★ 테이블은 한 8테이블?되는 것 같은데 곳곳에 이쁜 포인트 요소가 있게 잘 꾸며놨더라고요! 여기도 너무 이쁜... 말하다 보니 안 이쁜 자리가 없어요 진짜 인테리어 신경 쓴 게 많이 보이고 꼭꼭 사진 왕창 많이 찍으세요 ㅎㅎ 잘 나옵니다!! 라프하우스 평일에 방문했는데 좌석은 여유가 있는 편이라 편하게 방문하실 수 있을 것같아요! 화장실은 저기 보이는 하얀문 열고 들어가시면 됩니다:)! 화장실 깔끔했어요 깨알 포스터 인테리어 ..🙀 사진 더 있는데.. 너무 많아서 간추려서 넣었어요 ㅠㅠ 햇빛감성... 이자리 최고라니까요 ♥ 마지막으로 지도 첨부하고 포스팅 마무리하겠습니다 :) 라프하우스 서울특별시 마포구 동교로32길 10 2층 라프하우스 인테리어 너무 이뻐서 또 방문각★ 오늘은 저 혼자와서 에이드만 먹었지만 다음엔 시그니처 커피도 먹어보고 싶어요 ㅠㅠ
[연남동 카페] 라프하우스 : RAFHOUSE / 파블로바 / 말렌카 / 까눌레 후기,안녕하세요 옝그리입니다 오늘은 신상카페에 다녀왔어요 연남동에 새로 오픈한 디저트 카페 라프하우스 역시 새로 생긴 카페가는 길은 설레는 것 같아요 😋 힙한 홍대느낌 낭낭 전체적인 화이트 톤 근데 이제 블루를 곁들인~ 창밖으로 보이는 장미도 색감 참 예뻐요 🌹💘 라프하우스 메뉴판 귀여운 파란 곰돌이는 라프하우스 시그니쳐 같아요? 태어나서 처음 먹어보는 파블로바~ 머래케이크 답게 달달하니 식감도 좋고 중간에 바나나가 너무 잘 어울렸어요 시그니처 음료는 상큼한 크림과 커피가 어우러져 전혀 느끼하지 않고 조화롭더라구오 ㅜㅜ 까눌레는 평범했지만 다쿠아즈도 상큼한 필링?이 달달함을 조화롭게 만들어줘서 디저트 4개를 먹어도 속이 깔끔했습니다 하빈이랑 진현이는 이게 체고 맛있다고 하더라구요 🥭🫐🍌 말렌카 케이크 제 입맛에는 1등... 개존맛 쫀득 달달 고소 맛없없... 🧸 훔치고싶은 거울 ✨ 다음엔 에끌레어 먹는다 디저트 다 성공해서 해피 🤍 그럼 안뇽 ! 🧸 #연남동카페 #홍대입구카페 #홍대입구3번출구카페 #홍대카페 #마포카페 #홍대신상카페 #마포신상카페 #라프하우스 #홍대라프하우스 #마포라프하우스 #라프하우스 #마포파블로바 #홍대디저트카페 #홍대파블로바 #연남동파블로바 #연남동신상카페
[서울/홍대] 연남동 디저트 카페 파블로바맛집 : 라프하우스(아이스 파블로바),"파블로바케이크? 파블로바 맛집? 다이어트하느라 디저트 자제중이었는데 새로운 맛도리 소식에 어.쩔.수.없.이 다녀왔다 적을 알아야 이기는 법 라프하우스는 연남동 골목 초입에 있는 곳으로 연남파출소에서 5분도 걸리지 않는 곳에 있다 2층에 있으니까 지나치지말고 잘 찾아가기로 약속🤙🤙 올라가면서부터 아 여기 뭔가 힙한데? 연남동 디저트 카페들이 워낙 힙한곳이 많지만 여기는 계단부터 뭔가 달랐다 왜냐구요? 제가 이런 포스터 갬성을 좋아해요 전체적인 매장 분위기도 쏘 깔끔🔥 마침 창가자리 비어있길래 냉큼 자리부터 잡았다 테이블 간격도 제법 넓은 편 연남동에서 이런 통창뷰 흔치 않고든요~~~ 탁 트여있어서 답답하지 않았고 지나가는 사람들 구경 하기도 좋았다 내부인테리어도 전체적으로 아기자기+깔끔 일단 너무 마음에 들었던게 화장실이 내부에 있었다 연남동에서 카페갈때 화장실 때문에 곤란하거나 깼던 경우가 종종있었는데 내부에 화장실이 있으니 안심하고 다녀올 수 있었다 메뉴판 그리고 나.. 아이스파블로바 (16,000원) 디카페인 아메리카노(5,500원) 주문 디카페인커피 있는곳 너무 감사하고 사랑합니다 케이크 파는 곳 답게 귀요미 초들도 팔고 있었다 오븐에서 구워지는 파블로바케이크들 주문 즉시 플레이팅을 시작하기 때문에 10~15분정도 걸린다고 한다 메뉴는 한번에 자리로 가져다주시니 여유롭게 실내 구경하며 기다리기 근데 저는 10분보다 빨리나왔어요 히히 아! 3일전에 미리 예약하면 2단으로도 주문가능하대요! 파블로바 케이크는 러시아의 전설적인 무용수 안나 파블로바에서 그 이름을 따왔다고 해요 주방장이 세계여행을 하던 안나 파블로바를 위해 만든 디저트로 파블로바가 처음 만들어졌을 때에는 다양한 색상을 입힌 젤리 베이스였지만, 시간이 지나 머랭 베이스로 바뀌게 되었다고 합니다! 오오- 이 비쥬얼 뭐지 구슬아이스크림 바닐라 아이스크림 머랭(구슬아이스크림, 제철과일) 그래놀라와 로투스 순서로 구성되어있는데 딱봐도 시원해보이는게 여름에 딱 어울릴 것 같은 메뉴였다! 괜히 파블로바 맛집이라고 불리는게 아니야~ 먹는법은 칼을 이용해 피자 모양처럼 자른 후 과일과 생크림, 머랭시트를 함께 먹으면 가장 맛있게 파블로바를 즐기실 수 있다고 합니다 근데 일단 소스부터 뿌려뿌려 소스는 유기농 올리브오일, 패션후르츠, 연유 등으로 만든건데 패션후르츠 덕분인지 엄청 상큼했다 게다가 소스뿌리면 비쥬얼도 한층 더 예뻐져요 피자처럼 잘라먹는거 그거 어떻게 하는건데 우당탕탕 다 부숴버리기..😥😥 머랭케이크 답게 겉이 바삭바삭해서 예쁘게 자르기는 힘들었다 (물론 제가 손이 좀 그렇기도 합니다만,,) 모어때용 맛만있으면 된다! 바삭바삭한 머랭 겉부분과 시원달콤한 바닐라아이스크림 사과를 곁들여 한 입 마냥 달 것같은 달달이들의 조합이지만 미리 뿌려둔 소스가 상큼해서 과하게 달지않고 딱 기분좋은 달콤함이었다 구슬아이스크림러버는 머랭+구슬아이스크림으로도 먹고 바닐라아이스크림이랑도 먹어보기 아 이거 진짜 바삭달콤하고 맛있는데 설명할 방법이 없네요 다들 한 입씩 드려말어..😋 근데 파블로바 케이크의 찐은 겉이 아니라 속이었음을.. 겉은 바삭 속은 쫀득+폭신한 맛인데 공기처럼 가벼울 정도로 부드럽고 구름같은 맛이다 오른쪽 사진에서 질감보이시나요?? 100% 동물성 생크림을 사용해서 그런지 느끼하거나 비린맛이 아니라 깔끔하고 고급스러운 단맛이었다 쫀득달콤하고 아이스크림은 시원하고 여름에 강추할만한 디저트 그리고 전반적으로 부드러운 식감인데 밑에 깔린 그래놀라와 로투스가 딱딱한 식감을 줘서 전체적인 밸런스를 딱 맞춰준다 처음먹어보는 케이크였지만 앞으로 자주 먹게될 것 같은 이 느낌! 아메리카노랑 같이먹으면 얼마나 맛있게요 디카페인 아메리카노는 살짝 산미있는 맛이었는데 파블로바 케이크랑 너무 잘 어울렸다 라프하우스 서울특별시 마포구 동교로32길 10 2층 라프하우스 영업시간 12:00~21:00 주차불가능 이 글은 리뷰노트를 통해 본 업체에서 제품 또는 서비스를 제공받아 작성된 글입니다"
연남동 피자맛집 뉴오더클럽과 파블로바 맛집 라프하우스 방문기,안녕하세용 오랜만에 맛집탐방기로 돌아왔네용 연남 피잣집 하면 딱 떠오르는 뉴오더 클럽과 제가 평소 즐겨보던 유튜버 분이 다녀가신 파블로바 맛집 라프하우스를 다녀왔던 후기를 남겨볼게요 ! 뉴오더클럽 서울특별시 마포구 동교로34길 3 주말 2시 반쯤 갔었는데 앞에 7팀이 있었고 30-40분 기다린 것 같아요 !! 뉴오더클럽 하면 렛댓도 많이 생각하실꺼라 생각하는데 렛댓도 같이 웨이팅을 걸어놓긴 했는데 제가 다섯명이 같이 가서 렛댓은 4명까지 받는다고 하더라구요 그래서 취소해야된다고 직접 전화가 오셔서 어쩔 수 없이 다섯명 다 들여보내주신 뉴오더클럽에 웨이팅을 했어요 저 피자 나이프 너무 귀엽죠 내부 상황이 조용하진 않았고 분주해보였는데도 불구하고 직원분들이 다들 너무 친절하셨어요 저희는 하프앤 하프로 치킨텐더와 페퍼로니를 시켰고 다들 감튀를 넘 먹고 싶어해서 이건 그냥 한판 다 시켰뚭니당 맛은 진짜 한번 먹으면 계속 생각나는 맛 !! 전체적으로 밑면이 많이 달아요 위 토핑은 짠 맛이 있어서 단짠단짠이 잘 어우러지는 것 같아용 라프하우스 서울특별시 마포구 동교로32길 10 2층 라프하우스 위에서도 말했다시피 저희는 다섯명이 움직여서 !! 어느 가게든 웨이팅을 좀 했던 것 같아요 라프하우스는 갔을때 자리가 없기도 했고 해서 웨이팅 명단에 적고 나와서 좀 기다렸어요 오래 기다릴 줄 알았는데 15분? 후에 연락오더라구요 짜잔 메뉴입니다 너무 요즘 인스타 바이브 인 것 같아용 저희는 청귤에이드와 자몽에이드 석류펜지에이드 를 시켰어용 머랭을 주 재료로한 파블로바는 겉은 바삭하고 속은 부드러운 맛이였어요 바나나랑 딸기와의 조화가 너무 잘 어울렸어요 저희는 사람이 많아서 머랭툴라드도 하나 더 시켰어요 이건 진짜 다섯명이 포크로 한번 가져가니까 없어져 있던 .. 사실 파블로바도 다섯명에겐 만만치 않게 적은 양이였지만 그래도 둘 다 맛있고 눈이 보이게 예쁜 디저트니까 만족이에용 골목 안에 있어서 잘 찾아와야 해요 !! 아기자기한 인스타 업로드 용 소품? 들도 많았고 전체적으로 내부가 크지도 않았고 그렇다고 해서 작은 느낌도 안들었어요. 테이블이 커서 그런지 앉았을 때는 넓은 느낌이였어용 포토이즘 박스 연남점 서울특별시 마포구 동교로 230 친구들과의 마지막은 언제나 사진으로 끝나네용 ㅎㅎ 그럼 다음 포스팅에서 봐요 👋🏻 #일상 #일상블로그 #일상이야기 #카페 #카페추천 #피자 #연남동 #파블로바 #홍대 #홍대맛집 #맛집 #맛집추천 #서이추환영 #서이추 #이웃 #이웃환영 #서로이웃 #서로이웃환영 #포토이즘
[서울 마포구]홍대 연남동 디저트 카페 : 라프하우스,안녕하세요 빛나다입니다:) 친구와 아무 계획없이 연남동 갔다가 카페 가려는데 어딜갈까~~~ 돌아다니다가 외관이 너무 분위기 있고 예뻐서 한번 들어가봤던 카페 소개 해 드릴게요 지니가다가 발견한 곳인데 1층 옷 가게부터 2층 카페까지 너무 예쁘더라구요 라프하우스는 2층에 위치 해 있슴당 테이블이 다닥다닥 붙어있지않아서 그 점이 너무 좋았던 것 같아요 요즘 작은곳이어도 손님 많이 받기위해 테이블 바로 옆에 테이블이랑 제가 지금 친구와 대화하는지 옆사람이랑 대화하는지 잘 모르겠는 그런 곳 은근 많이 있잖아요 ㅋㅋㅋ 저는 아몬드크림라떼 친구는 초코라떼를 그리고 라프하우스의 대표메뉴인 파블로바 케이크를 주문했어요 너무 예쁘지 않나요?? 위에 올라가는 과일은 제철과일이 올라가 저희는 블루베리+청포도+무화과가 있었어요 처음에 저희는 케이크라고 하니 폭신한 케익시트에 크림+제철과일인 줄 알았는데 빵이 아니라 바삭한 식감이더라구요 뭔지 모르겠지만 나중에 생각해보니 마카롱 꼬끄 식감이 생각나더라구요! 달달함과 과일의 상큼한 크림의 조화로 아메리카노가 더 잘 어울릴 것 같았어요!! 근데 아몬드크림라떼가 너무 맛있어서 맛있는 커피도 못 놓치겠더라구요 ㅋㅋㅋ 연남동 분위기 좋은 디저트카페 원하시면 라프하우스 추천해요~ 라프하우스 서울특별시 마포구 동교로32길 10 2층 라프하우스 빛나다뷰티가 12월 말에 신중동역 1분거리에 이전오픈합니다 조금만 기다려주세요♥
[연남동 카페]라프하우스_파블로바,"라프하우스 서울특별시 마포구 동교로32길 10 2층 라프하우스 라프하우스(@rafhouse_seoul) • Instagram 사진 및 동영상 팔로워 964명, 팔로잉 3명, 게시물 123개 - 라프하우스(@rafhouse_seoul)님의 Instagram 사진 및 동영상 보기 www.instagram.com 매일 12:00-21:00 네이버지 예전에 낙성대에서 파블로바를 처음 먹어봤는데 진짜 너무 부드럽고 달콤하고 맛있어서 깜짝 놀랐던 기억이 있는데 연남동 카페를 찾아보다가 파블로바 비주얼이 미쳐버려서 가지 않을 수가 없었다. 2층에 있다. 계단 올라가는 벽에 붙어 있던 포스터 비주얼 끝장남 두근거리는 마음으로 올라갔다. 석류펜지에이드(6,500)와 딸기파블로바 1단(12,000)을 주문했다. 좌석이 아주 많은 편은 아니었지만 공간이 탁 트여 있어서 넓어 보였다. 석류펜지에이드는 옆에 저 쇠로 된 샷 잔(?)에 들어 있는 시럽을 에이드에 넣어서 먹는거였다 시럽은 보라색이여서 에이드에 따르니까 색이 예뻤다. 맛은 뭔가 풍선껌 맛이랑 비슷했다 비주얼 끝장나버린 파블로바 절반 갈랐을 때의 모습 안에도 과일이 들어있었다. 맛은,,, 기대를 너무 많이해서 그런가 기대에 미치진 못했다.ㅠ 아쉽 예전에 먹었던 파블로바가 너무 맛있어서 강렬한 기억으로 남아있었는데 그 때는 사르르 녹아내리고 부드럽고 쫜득한 맛이었는데 이번에 먹어본 파블로바는,, 대왕 머랭쿠키같은 맛이었다 이거는 그냥 주말에 연남동 걷다가 행사로 받은 에너지드링크 사진"
연남동 카페 아인슈페너 맛집 라프하우스! 홍대 분위기 좋은 카페 추천,"라프하우스 서울특별시 마포구 동교로32길 10 2층 라프하우스 연남동에서 유명한 카페인 작당모의에 가려다 웨이팅이 이십몇팀이나 돼서 근처에 있는 괜찮아 보이는 카페로 대신 갔던 라프하우스 카페! 근처에 있어서 갔지만 카페 분위기도 깔끔하니 좋고, 또 음료도 이쁘게 나오고 맛도 너무 맛있어서 완전 만족하고 왔다. 카페는 홍대입구역 3번출구에서 가까이 위치해 있었고 2층에 위치해 있어서 계단으로 한 층 올라가면 바로 입구가 보였다. 계단 올라가는 길에 있던 힙해 보이는(?) 사진들과 사진 찍기 좋아보이던 의자들 ㅋㅋㅋㅋ 카페 내부 인테리어는 깔끔하니 또 공간이 너무 협소하지 않아서 좋았는데, 특히 테이블 좌석들이 주로 많았고 또 창가쪽에는 소파 좌석도 있어서 좌석이 너무 좁지 않고 편해서 좋았다. 카운터에 있던 카페 로고 스티커들! 메뉴판 우리는 오렌지비엔나 커피인 라프커피랑 논커피 메뉴인 체리초코라떼를 주문했다. 디저트 종류도 이쁘고 맛있어 보였는데 다음번에 또 가면 먹어봐야지 ㅋㅋㅋ 우리가 앉았던 창가쪽 소파 좌석에는 이렇게 앞에 화분도 있고 깔끔하게 꾸며져 있어서 좋았는데, 또 창가 바깥도 구경할 수 있고 좌석도 편하고 좋았다. 주문한 체리초코라떼랑 라프커피! 음료 가격이 엄청 저렴한 편은 아니었지만 음료도 너무 이쁘게 나오고 또 맛도 너무 맛있어서 맛있게 먹고 왔다. 먼저 체리초코라떼는 사실 평소에 초코라떼 종류의 달고 우유가 들어간 라떼 종류를 별로 좋아하지 않아서 크게 기대 안했는데 너무 맛있게 먹었음! 진한 체리 향에 달달한 초코 맛이 잘 어우러져서 맛있게 먹었는데, 간혹 초코라떼 종류가 초코 맛이 심심하면 별로 맛있게 느껴지지 않는데 이건 초코 맛도 진하면서 체리 맛이랑 향도 진한 편이라 너무 맛있었다. 아래에 초코시럽이 깔려 있어서 잘 저어서 먹어야 했는데, 체리랑 초코 맛 둘 다 진하면서 달달하니 완전 만족! 다음으로는 라프커피! 라프커피는 오렌지비엔나 커피인데 아메리카노 위에 휘핑크림이 올려져 있는 커피로 아인슈페너랑 같다고 보면 될듯 하다. 이것도 기대 이상으로 너무 맛있게 먹었는데, 먼저 위에 있는 크림 질감이 아주 부드러우면서 특히 크림에 오렌지 맛이랑 향이 진하게 느껴저서 크림이 너무 맛있었음! 오렌지 향이 정말 딱 좋게 은은하게 나면서, 또 먹으면 부드러우면서 살짝 꾸덕한 크림 질감과 함께 오렌지의 상큼하면서 은은한 향이랑 맛 + 달달한 맛이 더해져서 크림이 너무너무 맛있었다! 오렌지비엔나 커피는 처음 먹어보는데 오렌지가 들어간 크림 맛이 너무 맛있어서 이건 한번 사먹을만 했다. 추천! 밑에 있는 커피는 산미가 약간 있는 맛이었는데, 좀 아쉬웠던건 커피 맛은 살짝 연한 편이라서 내 입맛에는 커피가 좀 더 진하면 달달한 맛의 크림이랑 더 잘 어울려서 더 맛있게 먹을 수 있었을 것 같기는 했다. 그래도 위에 크림이 너무 맛있어서 커피가 좀 연하긴 해도 맛있게 먹었다 ㅋㅋㅋ 평소에 아인슈페너를 좋아하면 추천하는 메뉴! 라프하우스는 처음 가봤는데 카페도 넓직하니 깔끔하면서도 분위기도 좋았고, 또 음료도 맛있고(중요함 ㅋㅋㅋ) 디저트도 이쁘게 나와서 연남동에서 갈만한 카페로 추천할만 했다. 다음번에 또 와야지 ㅋㅋㅋ"
라프하우스(RAF HOUSE):: 연남동 수제디저트 카페에서 파쿠아즈랑 시그니처커피로 일요일 데이트 마무으리❤,"안뇽하세요 잇님들~♥ 연남동 골목엔 핫한 카페가 참 많은데 오늘은 수제디저트 맛집으로 유명한 카페에 가보았어용 빠른 리뷰는 생명이니 얼른 리뷰해볼게요! 라프하우스는 커피/티/디저트/칵테일/비어까지 다양하게 판매하는 곳이더라고요 이런 곳은 대체로 맛있던데 궁금해서 한 걸음에 2층까지 올라가보았습니당 =3 복도부터 라프하우스만의 감성이 돋보이는 곳. 일요일 늦은 저녁시간이라 사람이 없어서 한적했지만 해가 떠있는 시간대에는 웨이팅이 있을 정도로 인기가 많은 곳이었어요..!! (입구에 대기자 명단이 써있더라구요) 이 시간에 오길 잘했다 생각이 드네요🥰 RAF HOUSE INTERIOR 2인석부터 6인석까지 다양해서 자리도 편안했고 조금 한산한 모습이라 두런두런 떠들기 좋더라고요 사진 찍기도 좋았고요❤ 여기저기 라프하우스만의 공간이 너무 예뻐서 3가지 파트로 나누어 소개드려볼게요 1. 연남 View- 한쪽 면이 완전 통창이라 밖에 보기도 좋고 여러모로 시야가 넓어서 시원한 느낌을 주는 공간이에요 의자도 파란색, 검은색, 불투명한 의자라 더 개방감 있더라고요💙 2. 집중 Time- 이곳은 칼같이 딱 정갈하면서도 우드톤이라 따뜻한 서재 느낌이 났어요 그래서인지 집중해서 뭔가를 하기에 좋아보였어요! 넓은 테이블도 있어서 단체로 오셔도 라프하우스 분위기를 충분히 누리실 수 있답니당💙 3. 깔끔하면서 아기자기한 공간- 내부가 다 인스타 감성이라 여기저기 맘에 들었지만 그래도 둥둥커플 취향은 좀 더 널찍하고 좀 더 아늑했던 이곳으로 자리를 잡았습니당 화장실은 카페 내부에 있어서 깔끔하게 관리되고 있었고 이곳조차도 감성있어서 사진으로 꼭 남겨보았습니당 *참고로 화장실은 공용 & 1칸이에요! RAFHOUSE MENU & TASTE 대체로 상큼하고 활발해 보이는(?) 느낌의 메뉴가 많았어요! 참고사항은 참고해주세용~ *1인 1음료 *외부음식 불가 *만석인 경우 2시간 제한 *주말, 공휴일 노트북 불가 카운터 앞에는 셀프 바처럼 손소독, 물티슈, 냅킨까지 잘 구비되어있답니당 요기서 알고 가면 더 좋은 RAF HOUSE의 뜻! 잠깐 알려드릴게용 라프하우스는 존중, 존경, 믿음이라는 뜻을 가진 카페더라고요 바로 이렇게 말이죠 Respect Admire Faith 카페의 흔한 굿즈로 스티커도 있었지만 우측에 있는건 정말 소장하고 싶어서 하나 가져왔답니당❤ 라프하우스의 디저트는 모두 주문 즉시 만들어주시기 때문에! 음료와 디저트가 나오는건 시간이 조금 소요되었어요! 라프커피(오렌지 비엔나) 6.5 체리초코라떼 6.5 파쿠아즈 4.0 저녁이면 카페인이 들어간 음료를 먹지 못하는 둥둥이를 위해 라떼로 주문해줬답니다👌 오랜만에 보는 신선한 체리가 콕 박혀있고 그 사이로 초코가 조화롭게 섞인 체리초코라떼에요 비주얼처럼 맛은 달달한 초코라떼에 체리가 쏙~ 들어간 느낌? 콜라에 체리들어가면 체리콕인 것처럼 체리초코라떼도 초코라떼에 체리의 향이 은은하게 나면서 달달했어요🥰 저는 시그니처 음료를 좀 더 선호하는 편이에요! 일반적으로 다른 카페들과 비교해보며 같은 메뉴를 마시는 것도 좋지만 웬만해선 그 카페에서 가장 자신있는 시그니처 메뉴가 정말 정말 궁금하거든요❤ 일단 다른 카페들과 비슷한 형태의 비엔나커피인데요 크림도 윗부분만 봐도 몽글몽글하니 엄청 부드러워 보이지 않나요?☺️ 살짝 기울여서 크림과 커피를 함께 맛보았는데요 일반 라떼는 꼬숩고 달달한 맛이었다면 라프커피는 오렌지향이 있어서 좀 더 상큼하게 즐길 수 있었어요! 커피랑 넘나 조화로운 것..❤ 음료에는 모두 얼음이 없어서 시간이 지나도 녹거나 맛이 연해지지 않는다는 것도 만족스러웠답니당 라프하우스는 특히나 수제디저트로 유명한데 모든 디저트는 전문 조리사분께서 주문 즉시 만들어주신다고 해용 그래서인지 다른 카페에서는 잘 팔지 않는 딸키파블로바나 머랭 등도 팔고 있더라고요! 메뉴에서부터 정말 자부심이 느껴졌는데 둥둥커플은 파쿠아즈가 제일 궁금해서 주문해봤습니당❤ 근데 왜 파쿠아즈일까요? 자리로 가져다주시면서 사장님이 친절히 설명해주셨는데 파삭파삭하기 때문에 파쿠아즈라고 소개해주시더라고용 진짜 겉보기에도 소보로 같이 바삭?파삭?한 질감이더라고요! 둥둥이가 제거를 워낙 많이 뺏어먹어서😓 2등분으로 나누니까 세상에 마상에 이렇게나 바삭한데 엄~청 부드럽더라고요! 속에는 크림과 꾸덕꾸덕한 필링으로 꽉~ 채워져 있어서 먹으면 입안 가득 넘나리 행복하답니다 파쿠아즈 너무 달지도 않고 음료랑 먹기 딱 좋았던 디저트로 강추에요! 강추!❤ 수제디저트 맛집이라더니 한 입 먹는 순간 그 말이 딱 와닿더라고요😢❤ 음료도 디저트도 넘나 맛있었는데 조금 남기고 왔어요 왜냐면 옆 사람이 코로나 걸려도 놀라지 않을 상황인데 엄마가 코로나 걸렸다고 하셔서 급하게 정리를 하고 왔답니다🥺 여러분들도 다들 건강 잘 챙기셔야해요! 아쉬워서 또 가고 싶고 맛있어서 또 가고 싶고 분위기에 두 번 가고 싶은 라프하우스 리뷰였습니다- 라프하우스(RAF HOUSE) 점수는요~ 종합 : ★★★★☆ 맛 : ★★★★☆ 가격 : ★★★☆☆ 분위기 : ★★★★☆ 서비스 : ★★★★☆ 라프하우스 0507.1389.7353 12시~21시 서울 마포구 동교로 32길 10, 2층 2호선 홍대입구역 3번출구 도보 5분 instagram @rafhouse_seoul wifi. KT_GiGA_rafhouse / rafhouse123 라프하우스 서울특별시 마포구 동교로32길 10 2층 라프하우스"
"연남동카페 : 우연히 발견한 감성카페 , 라프하우스 [RAFHOUSE]","여러분 안녕하세요^^ 오늘은 바빠서 이 시간에 포스팅 올리네요 ㅠ 갑자기 코로나 무슨일이에요 ..? 4단계 올라간다는 얘기들으니까 너무 착잡 ㅠㅠ 성격 상 집안에 갇혀있는거 진짜 못하는데 또 집콕의 시기가 다가오네요 ... 흑흑 우선 오늘 포스팅할 곳은 연남동 카페 라프하우스 인데요 지난주에 다녀왔었는데 , 잊고있다가 사진첩 보면서 다시 발견한곳이에요 라프하우스 서울특별시 마포구 동교로32길 10 2층 라프하우스 홍대입구역 3번출구에서 300m정도 위치구요 , 저는 원래 이 카페 가려던건 아닌데 최대한 역에서 가까운 곳에서 어슬렁(?) 거리다가 오 여기카페있다!! 이러고 의식의 흐름대로 들어간 곳이랍니다 ^^ 연남동카페 라프하우스는 건물 2층에 위치해있어요 건물자체도 큰 건물은 아니라서 아기자기하니 귀여워요 ♡ 우산 꽂이들을 보고 아 , 이날 비가왔었지 싶네요 기대도 안했는데 너무너무 감성적인 내부공간 , 역시 연남동 아니랄까봐 느낌 너무 힙하구 감성적이에요 > < 테이블과 소품들도 다 다른느낌인데 어우러지구 .. 버릴게 없는 인테리어들 ! 곳곳에 액자 , 책 같은걸 소품처럼 두셨는데 이런게 또 조명이랑 만나니까 예쁘더라구요 내방도 이렇게 해볼까? 하고 집 오자마자 바로 까먹기 ㅎㅎ 메뉴판 알고보니 홍대카페 라프하우스는 디저트가 엄청 유명한 곳이더라구요 하 .. 밥먹으러 가기전에 잠시 들른곳이라 차마 디저트는 못시킨게 너무 아쉽네요 파블로바 먹어보고싶은데!!! 아쉽지만 친구랑 저랑 음료 한잔씩 시켰어요 피치레몬라프치노 7,000 석류팬지에이드 6,500 거울도 너무 예쁘고 , 테이블도 형형색색 모든 물건들이 존재감 확실한 곳 음료 두잔 다 너무 예쁘죠 ? 제가 시킨 피치레몬 라프치노는 진짜 칵테일처럼 화려하구 예쁘게 생겼는데 맛도 칵테일 스러웠어요 알콜이 들어있는줄? 하튼 너무 상큼하니 맛있었어요 ♥ 친구가 시킨 석류팬지에이드는 갠적으로 제꺼보다 더 존맛탱이였어요 안에 나타드코코 같은 젤리가 들어있는데 요게 또 씹히는 맛이 굿굿이에요 시원하고 달달하구 평범한 에이드맛이랑 다르더라구요 보라색깔 시럽을 주는데 이게 아마 팬지시럽?? 색깔도 오묘하고 어쩜이리 예쁜지 .. ♡ 맛도 비쥬얼도 최고였던 메뉴에요 강력추천 !! 음료도 다 너무 맛있고 분위기도 좋았던 의외의 감성카페 라프하우스 , 아마 담에 또 연남동 가게되면 들르지않을까 싶어요 빨리 놀러가게 코로나 ㅠㅠ 제발 잠잠해져라 ... ㅠㅠ"
연남동 디저트 카페 라프하우스,"안녕하세요, 셀리언니에요 :) 오늘은 퇴근 후 #연남동카페 #라프하우스 다녀왔어요! 라프하우스는 마포구 동교로32길 10 2층에 위치하고 있습니다! 아늑한 분위기가 최고에요👍 라프하우스 서울특별시 마포구 동교로32길 10 2층 라프하우스 영업 시간 오후 12시 ~ 오후 9시 까지 화요일 정기휴무 유니크한 인테리어가 돋보이는 라프하우스 계단 올라가는 길목부터 분위기 맛집입니다~~ 카페 크기는 그렇게 크지 않은데 분위기가 진짜 아늑하고 좋더라구요!! 라프하우스는 존중에 의한 공존! 손님을 먼저 존중하는 라프하우스 철칙!!! 연남동 핫플레이스 카페 다운 슬로건이였어요🤭 메뉴판도 정말 손님을 위한 디저트 종류는 사진으로도 나와있어서 디저트 선택도 너무 편했구요 핫한 시그니처 메뉴를 주문해보았어요🙌🏻 오픈형 주방에 아늑한 조명으로 정말 따뜻한 느낌이 큰 라프하우스~~ 진짜 분위기 맛집입니다!!!! 아기자기한 인테리어로 보는 재미도 있는 홍대카페 라프하우스! 힙한 분위기도 공존하더라구요!! 사장님 미적감각이 최고👍 구석구석 예쁘게 꾸며져 있어서 사진찍기도 너무 좋고 포토존이 많았어요!! 셀리언니도 인생샷 열심히 찍고왔습니다✌️ 아이스아메리카노와 라프하우스 시그니처커피 라프커피 머랭롤라드를 주문했어요!!!! 어쩜 이렇게 예쁜지☺️ 맛도 최고였어요!!!! 라프커피는 아메리카노 위에 수제 오렌지크림이 올라간 라프하우스 시그니처 커피로 부드러운 크림이 커피와 너무너무 잘어울렸고, 오렌지 향도 나고 상큼해서 너무 맛있더라구요😍 말린 오렌지를 함께 주셔서 오렌지 향이 정말 많이 나더라구요! 진짜 꿀맛이였어요👍 다음은 머랭롤라드!! 머랭으로 만든 롤케이크인데 딸기와 바나나가 들어있어 요것도 진짜 너무 맛있더라구요!! 역시 디저트 배는 따로죠??ㅋㅋㅋ🤟 안에 꾸덕한 초코도 들어있어 달달하고 맛있어용 너무 맛있으니까 꼭 드셔보세요❤️ 초코가 가득가득 차있죠?? 딸기도 큼직하고 진짜 너무 맛있었어요!! 한입 아~~~ 저녁 먹은지 얼마 안됐는데도 역시 디저트는 사랑입니다❤️ 아메리카노도 깔끔하고 너무 맛있었어요! 역시 맛있는 디저트는 순삭!!ㅋㅋㅋㅋ 분위기맛집 연남동 예쁜카페 찾으신다면 라프하우스 꼭 방문해보세요! 시그니처 메뉴가 정말 맛있어요👍"
연남동 카페 라프하우스 말렌카케이크 가성비로 즐기는 곳.,"연남동에 아마 우리나라에서 커피가 제일 많은 그런 동네가 아닐까 생각되죠 홍대에서 가장 가까우면서도 또 바로 옆에 연남동 철길 공원 -경의선 공원이 위치하고 있고 또 그 주변으로 카페 라던가 아니면 펍 같은게 굉장히 많이 들어와 있어서 오늘 카페는 어디로가지- 하는 것도 온종일 고민거리중 하나죠. 약간 안쪽으로 위치한 곳인데 조금 색다른 카페가 하나 있습니다 라프하우스 서울특별시 마포구 동교로32길 10 2층 라프하우스 바로 연남동 카페 라프하우스 커피, 차, 에이드 , 디저트, 그리고 그 외 아트가 있는 카페입니다. 2층이라 부담없이 올라갈 수 있고 밖에서 봐도 탁 트인 창으로 인해 속이 시원하고, 특히 뷰가 굉장히 좋습니다 RAF 가 그냥 라프 ? 어감이 좋은데 싶었는데 RESPECT ADMIRE FAITH 의 앞글자들을 거져와서 만든 RAF 에 하우스 를 붙여 라프하우스가 된거 같습니다 존중에 의한 공존 또 단순이 오프라인 카페가 아니라 로컬리티를 기반으로 한 만화 일러스트 작품들을 전시하는 그런 공간이기도 하더라고요 아무래도 홍대가 만화 / 일러스트가 많다보니 또 이런 카페가.. 그래서 매장내에서 다양한 작가분들이 그린 일러스트 들아 전시되어 있는 것을 쉽게 보실 수 있습니다 이쪽으로 간단하게 준비하고 있는게 있어서 그런지 괜히 친숙한 느낌이더라고요 RAF HOUSE 메뉴 라프하우스에서 판매하는 메뉴들은 이미지를 참고해주시면 됩니다 음료는 아메리카노를 주문할까- 하다가 라프 라떼, RAF 라떼 라고 하는게 라프하우스에서 판매하는 시그니처메뉴 라고 해서 이걸로 주문을 했어요 정확히 오렌지라떼 라고 하더라구요 그 외에 커피 메뉴가 있고 다양한 차 종류도 있고, 그리고 눈여겨 볼 거 바로 디저트메뉴 드립니다 디저트가 다양하게 준비가 되어 있더라고요 파블로바, 말렌카, 까눌레, 다쿠아즈 파블로바는 양이 많아보여서- 카페 디저트로 유명한 말렌카 꿀 케이크로 선택- 말렌카가 좀 비싸긴 해도 진짜 맛있는데 말렌카 케이크를 작은 사이즈로 판매하는게 아니라 큰 사이즈에서 삼각형으로 커팅해서 그 위에 생크림을 올려서 맛은 당연하고 비주얼도 장난 아닌, 그런 말렌카 꿀케이크를 포기할수 없죠 매장은 앞서 말한 것처럼, 한쪽이 완전히 탁트여있어서 굉장히 속이 시원한데, 약간 가정집 주택뷰 를 자랑합니다 🙄 아무래도 골목에 있다 보니 어쩔 수 없는 거 같아요. 대신 약간 도로변에 있는 대형, 중소형 카페보다는 조금 조용하다는 게 특징인거 같습니다 그래도 주변에 다른 매장들이 종종 있어서 막 그렇게 주택뷰는 또 아니고… 매장이 그렇게 좁은편은 아닌데 테이블이 전반적으로 잠깐 들렀다 가는 그런 작은 느낌으로 되어 있어서 장시간 앉아서 스터디를 한다거나 하는 건 좀 불편할 수 있을 거 같아요 그래도 잠깐 쉬었다가네 아니면 앉아서 이야기를 하기에 충분히 조용하고 여유로운 시간 느긋하게 시간 가지고 있다가 가는 건 충분히 괜찮을 것 같습니다 라프 라떼 & 말렌카 꿀 케이크 라프라떼는 커피 라떼거품이 올라가 있기는 한데, 약간 아인슈페너 같은?? 그런 커피 더라고요 라떼잖아요 그거- 하면 할말이 없는데, 다른 라떼들 보다 거품에서 달달한 맛과 함께 끈적 거리는게 있어서 그런가? 라떼보다는 아인슈페너를 먹는듯한 느낌 에 가까웟습니다 그리고 위에 올라간 오렌지 칩이 있어서 입안에서 계속해서 오렌지 맛과 향이 감도는데 인상적인 라프라 떼입니다 원래 말렌카 케이크는이 사진에서 보시는 것처럼 생크림 올라가지 않아요 그냥 먹어도 꿀 특유의 꾸덕함으로 충분히 달달한 맛이 강해서 그냥 먹어도 맛있고 단맛이 과하다고 하는 분들도 계신데 이렇게 말렌카 케이크에 생크림을 올려서 같이 먹으니 요건 또 다른 맛으로 괜찮더라고요 게다가 이 정도 말렌카 케이크면 다른 디저트 매장을 간다하더라도 이 가격에 만나볼 수 있는 조금 힘든 사이즈라는 점 << 요거보다 작은 사이즈의 네모난 말렌카케이크 가 보통 5~6천원 정도 하거든요 근데 그거보다 조금 더 큰 사이즈로 7천원! 두둥. 그것도 연남동카페에서 잠깐시간이 나서 들렸던 카페라고 하기에는 연남동카페 라프가 생각보다 분위기 는 물론 조금 심적으로 여유로워지는듯한 느낌을 받은 괜찮은 카페였습니다 🙄 날씨가 추웠다가 다음주에 풀린다고 하는데, 10월 초가 그나마 가장 가을날씨같은 기분이 아니었나 싶은 요즘입니다 여어ㅓㅓ르르으음~~ 가 겨우우우우울"
"연남동신상카페추천 ""라프하우스(RAF HOUSE)"" 분위기,맛 둘다 합격","연남동신상카페추천 ""라프하우스(RAF HOUSE)"" 분위기,맛 둘다 합격 📍서울 마포구 동교로32길 10 2층 라프하우스 🚊 홍대입구역 3번출구에서 341m ⏰ 일-목 : 11:00-21:00 / 금,토 : 11:00-22:00 🚗 주차 불가능 라프하우스(@rafhouse_seoul) • Instagram 사진 및 동영상 팔로워 177명, 팔로잉 1명, 게시물 15개 - 라프하우스(@rafhouse_seoul)님의 Instagram 사진 및 동영상 보기 instagram.com 미하-☀️ 친구랑 연남동에서 만나고 지나가다가 괜추난곳 있으면서 들어가려고 돌아다니는데 뭔가 괜찮을것 같아서 들어갔는데 알고봤더니 얼마 안된 연남동 신상카페 라프하우스(RAF HOUSE) 2층에 위치하고 있기 때문에 계단으로 올라가시면 라프하우스(RAF HOUSE) 도우착 올라가는 벽면에도 예뿌게 페인트 칠을 해놨더라구요 인테리어도 전체적으로 화이트톤으로 깔끔하고 색감이 있는 소품들로 포인트를 줬더라구요 소품들과 테이블이 보기 좋게 잘 배치되어있더라구요 내부가 막 엄청 넓고 크진 않지만 통유리창으로 전혀 답답하지 않아요 조명과 소품하나하나 넘 귀엽지 않나요? 요런 느낌 내 서타일 ❥ ❥ 인스타 갬성 뿜뿜 Take out시 1,000원 할인 다쿠아즈,까눌레도 포장가능하데요 시그니처 메뉴일듯한 제철과일을 이용한 파블로바케이크 나중에 와서 먹어봐야겠어욥 요런 스티커만 있으면 다 챙교와서 다이어리에 붙이기 헿 조아여 📋 바닐라라떼 📋 아메리카노 바닐라라떼도 달달하니 맛있었어요 ! 칭구가 커피도 맛나다고 해쒀요 연남동신상카페추천 라프하우스(RAF HOUSE) 공간들도 너무 예쁘고 화이트해서 사진도 잘 나온다능고 우연히 들어왔는데 아주 맘에 들어요 직원분이신지 싸장님이신지 모르겠지만 친절하셨어요 ! 더운 낮에 들어왔눈데 밖에 덥냐며 덥다니까 에어컨도 바아로 시언하게 조절해주시고 이렇게 친절하고 응대도 잘해주시고 맛도 있고 분위기도 좋고 나중에 잘 되셔도 지금 처럼 해주시면 흥하실듯 흥해라 흥 #연남동카페추천#연남동카페#연남동핫플#라프하우스(RAF HOUSE)#연남동신상카페추천#라프하우스#연남동디저트맛집#연남동데이트#연남동파블로바케이크"
연남동카페 예쁜디저트가 있는 라프하우스,"안녕하세요 영심이입니다 요즘은 참 예쁘고 가보고 싶은 디저트카페가 많은데요 그중 한군데 지난 주에 다녀온 #연남동카페 #라프하우스 포스팅 해보겠습니다^^ 라프하우스 서울 마포구 동교로32길 10 2층 0507-1389-7353 일 12:00 - 21:00 월 2:00 - 21:00 화 정기휴무 (매주 화요일) 수 12:00 - 21:00 목 12:00 - 21:00 금 12:00 - 21:00 토 12:00 - 21:00 무선 인터넷, 국민지원금 라프하우스(@rafhouse_seoul) • Instagram 사진 및 동영상 팔로워 781명, 팔로잉 3명, 게시물 74개 - 라프하우스(@rafhouse_seoul)님의 Instagram 사진 및 동영상 보기 www.instagram.com #연남동카페 #라프하우스 는 2호선 홍대입구역에서 가까운곳에 위치하고 있습니다 평일저녁인데도 사람이 꽤 많은거보니 코로나가 있는 요즘이 맞나 싶더라구요 도착하니 2층에 제가 가려는 #라프하우스 가 보입니다 정면에 영어로 RAF HOUSE 라는 간판이 보이고 입간판에 검정색으로 된 간판이 보였습니다 한글간판이 안보여서 잠시 허둥지둥 했었네요 ㅋㅋ 요 계단을 따라 올라가서 2층에 도착하면 #연남동카페 #라프하우스 이 나온답니다 올라가는 계단에 조명도 이쁘고 멋진 미술작품도 있어서 역시 홍대구나!다시 한번 느꼈답니다!! 2층입구 도착하니 파란색 의자가 보이고 비가 오는날 우산을 꽂을 수 있는 우산꽂이가 보이네요 요기가 주방겸 계산하는 곳이예요 공간이 넓다란 곳이라 한눈에 딱 들어오네요 메뉴판이 종이가 아닌 계산하는 곳 모니터에 이렇게 띄워져있어요 요기서 보고 바로 주문하면 됩니다 편리한 세상이지요?^^ 메뉴는 미리 만들어놓지 않고 바로바로 만든다고 하니 더욱 맛있겠다!!기대기대! 전문요리사님이 만드는 디저트!!맛이 너무 기대됐어요! 곳곳에 이렇게 홍대감성의 그림들이 벽장식을 이루고 있습니다 홍대만의 감성이 느껴져서 더 좋았습니다^^ 물티슈와 일반티슈, 손소독제가 준비되어 있습니다 탁자옆으로 조명이 참 이쁘고 특이해서 한컷 찍어보았습니다 조명만으로도 분위기가 틀려지는것 같아요 매장 가운데쪽에 파랑색으로 된 아크릴장식이 있는데 뭔가 홍대느낌이 들어서 매장분위기와 잘 어울리네요 창가뷰도 너무 좋았는데 제가 있을때는 손님들이 앉아있어서 다른곳에 앉았었어요! 갈색의 저 의자는 앉으면 되게 편안할거 같은 기분! 한참 후 손님들이 모두 나가고 한컷! 저기 앉아서 먹었으면 좋았을텐데!하는 아쉬움이^^ 드디어 제가 시킨 디저트와 차가 나왔어요! 이날 날씨가 좀 추웠거든요 따뜻한 차 한모금에 추웠던 몸이 탁 풀리더라구요!! 힐링의 시간! 차한잔을 두고 친구와 도란도란 나누는 수다타임! 이런 시간은 힘든 일상에 단비같은 시간이예요! 맛있는 디저트까지 냠냠! 달달한것 먹고나니 기분까지 좋아지는 느낌! 수다가 필요할때 힐링이 필요할때 연남동에서 약속이 있다면 #연남동카페 #라프하우스 요기 추천해요! 라프하우스 서울특별시 마포구 동교로32길 10 2층 라프하우스 라프하우스 서울 마포구 동교로32길 10 2층 0507-1389-7353 일 12:00 - 21:00 월 2:00 - 21:00 화 정기휴무 (매주 화요일) 수 12:00 - 21:00 목 12:00 - 21:00 금 12:00 - 21:00 토 12:00 - 21:00 무선 인터넷, 국민지원금 #라프하우스 #연남동카페 #연남동데이트 #연남동카페추천 #라프하우스"
"연남 「연남동홈, 라프하우스」","연남동 브런치 카페 @ 연남동홈 브런치 및 수제 그릭요거트 연남동홈 서울특별시 마포구 성미산로26길 14 1층 내부는 아기자기하고 반짝거렸다 잔잔한 음악도 흘러 나와 좋았다. 주문한 메뉴는 에그베네딕트 훈제연어 14,800 상큼한 과일 (그릭요거트) 8,400 에그베네딕트 훈제 연어 훈제연어, 수란, 과카뮬리, 홀랜다이즈소스 훈제 연어의 향이 깊고 부드러웠다! 상큼한 과일 여러가지 과일과 콩포트 시럽 ♡ 식사 후 연남동에 있는 예쁜 디저트 카페를 찾았다. ♡ ⋆⁺₊⋆ @ 라프하우스 파블로바 케이크, 나폴레옹 페스츄리, 머랭롤라드 라프하우스 서울특별시 마포구 동교로32길 10 2층 라프하우스 2단 파블로바 케이크 16,000 아이스 아메리카노 5,000 너무 예쁜 파블로바 케이크 1단과 2단 중에 고민하다가 2단으로 시켰는데 … 2단이 훨씬 예뻐서 만족했다 무화과와 과일 토핑! 부드러운 크림과 잘 어울렸고 식감이 정말 좋았다 무엇보다 정말 예쁘다 파블로바 케이크는 처음 먹어봤는데, 달달한 머랭 케이크라고 한다. 겉은 진짜 머랭! 정말 바삭하고 속은 되게 쫀득했다 크림과 같이 먹으면 최고 .. 무화과 디저트 언제나 사랑해!"
연남동카페 연남동케이크 라프하우스 다녀왔어요,연남동카페 연남동케이크 라프하우스 다녀왔어요 여러분! 스와니보보에용 오늘은 여러분들께 정말 핫한 연남동에 생긴 카페에 대해서 소개를 해드릴까 합니다 저도 지도 찾고 검색해서 방문한거라서 여러분들께 알려드리고 싶네여!!! ㅋㅋ #연남동카페 #연남동케이크 는 라프하우스라는 곳이고 사진참고하셔서 올라가시는 건물 2층에 위치해 있다고 보시면 됩니당 ! 연트럴파크 사거리에 위치해있어서 찾기는 어렵지 않으실거에요! 바로 연남동 카페 연남동 케이크 내부를 소개해드려볼게요~! 실내인테리어는 힙하게 꾸며져있었고 인스타 감성이 묻어져나오는 거 같아 다들 사진찍고 이쁘다면서 모임도 하고 그러는 것 같더라구요^^ 통 유리로 되어있어서 2층의 뷰는 너무 이쁘더라구요~ :) 메뉴를 주문해볼까합니다 그래서 알아보는 연남동카페 연남동케이크 가격! 저희는 오늘 체리초코라는 메뉴를 하나 주문하고 그리고 아몬드 크림 라떼를 주문했어요! 디저트는 말렌카케이크였는데 처음 먹어보는 거라서 정말 기대했어요! 그리고 아래에 나와있는 안내는 디저트들은 모두 수제라서 주문과 동시에 만들어서 시간이 좀 걸린다는점~ 이 외에도 다양한 파티 굿즈들이 있어서 구매해서 가도 좋을 것 같다 싶었어요~ 쨔잔~!! 오늘 기분이 그렇게 좋지 않아도 기분 좋아지는 음료에요~ 달달하면서 특이한게 적당히 달아서 딱 좋았던 것 같아요^^ 저희는 둘다 연남동카페 시그니처로 생각을 하고 주문을 했는데 정말 맛들이 특이했지만 맛있었어요 처음 먹어보는 것들이었던 것 같아요 체리초코는 달달하면서도 무언가 체리향과의 달콤함? 아몬트 크림 라떼는 정말 아몬드 향이 나면서 크림은 적당히 꾸덕하면서 너무 달지도 않았던 라떼~ 그리고 한 15분 정도 기다려서 만난 디저트 나왔어요! 쨔잔 ! 저희는 머랭롤라드라는 디저트를 주문했는데 와... 비주얼 완전 장난 아니죠? 처음에는 치아바타 빵에 올라간 과일 정도로 생각했었는데 아니었어요... 제가 주문한 라떼랑 한번 찍어보았어요~ 저는 여기 다시 가고 싶을 정도로 디저트 퀄리티나 음료가 너무 마음에 들었던 것 같아요~ 보시면 아시겠지만 바로 안에는 치아바타가 아니라 머랭크림? 같은게 있더라구요...!! 와 역시 쉐프출신이셔서 수제로 디저트를 만드신다고 했는데 플레이팅이 화려할 뿐만 아니라 너무 맛있어서 단숨에 해치웠어요 다른 카페에서는 흔하지 않은 그런 디저트 맛보고 싶으신 분들은 연남동카페 연남동케이크 꼭 방문해보시는 걸 강추드려요!!! 라프하우스 서울특별시 마포구 동교로32길 10 2층 라프하우스
연남동디저트카페 흔치않은 디저트가 있는 라프하우스,"안녕하세요 오늘 아코가 포스팅할 연남동디저트카페는 연남동 골목골목을 걷다보면 발견할 수 있는 라프하우스 입니다. 제가 소개드릴 연남동디저트카페는 2층에 위치해있어요~ 그래도 외관을 예쁘게 잘 꾸며놓구 입간판도 해두셔서 금방 찾으실 수 있을거예요 가게 내부를 정말 힙하게 잘꾸며놓으셔서 뭔가 전시회에 방문한 기분 벽면에 부착되어 있는 포스터를 살펴보는 재미도 있었어요 ㅎㅎ 연남동디저트카페 라프하우스는 사장님께서 쉐프추린이여서 모든 디저트를 직접 만드시고, 플레이팅이 너무 예쁘게 나와요! 핑크티 + 아몬드크림라떼 + 머랭롤라드 를 주문했답니다~ 참고로 이곳은 서울파블로바성지로도 알음알음 유명하다고 해요 그래서 파블로바케이크가 메뉴에도 있어요! 파블로바케이크가 땡기는 날엔 이곳으로 와야겠어욯ㅎ 연남동카페에는 모두 있다는 스티커까지! ㅎㅎ 센스있게 잘 꾸며 놓으신게 느껴지죠 ? 모든 디저트도 수제이기떄문에 머랭롤라드 나오는데 조금 시간이 걸렸어요! 짜잔 너무 예쁜 머랭블레이드까지 완성~~ 사실 머랭롤라드 자체가 흔하지 않은 디저트라서 어떤 디저트일까 너무 기대가 되고 맛도 궁금했어요! 안쪽에는 딸기 크림과 머랭, 그리고 딸기 슬라이스가 콕콕 담겨져있고 빵은 푹신푹신해서 케이크를 먹는 느낌이였어요! 머랭이 진짜 달콤하고 맛있어서 계속계속 배가 불러도 손이가더라구요 핑크티도 생강향은 거의 안나고 레몬티 느낌으로 맛있었고 특히 아몬드크림라떼가 정말 맛있었어요 크림이 달콤하니 부드러워서 연남동카페 라프하우스는 크림 맛집 ! 포스팅을 보니 라프커피도 진짜 맛있다고하던데 다음에는 라프커피도 먹어봐야겠어요~ 라프하우스 서울특별시 마포구 동교로32길 10 2층 라프하우스 주 소 / 서울특별시 마포구 동교로32길 영업시간 / 12:00 ~ 21:00 (화휴무) 전화번호 / 0507-1389-7353"
[연남동카페 라프하우스] 디저트와 라떼가 환상적인 이곳 RAF HOUSE!,"안녕하세요!! 오늘은 연남동 탐험 제2탄!! 아주~ 느낌 있는 카페를 찾아 들어왔습니다!!ㅋㅋ 사실 저는 카페는 잘 안 다니는 타입인데... 같이 갔던 친구가 날 춥다고 카페 들어가 있자고 냉큼 들어간 곳인데 너무 맘에 들어서 포스팅하려구요!ㅎㅎ 저는 요즘 포켓몬고에 빠져서.. 계속 돌아다니려고 했지만..ㅎㅎ 연남동카페 라프하우스 저희가 찾아간 곳은! 이 느낌 있는 건물 2층! 라프하우스 카페입니다!!! 연남동카페 라프하우스 멀리서도 눈에 보이는 간판들..ㅎㅎ 건물 2층을 보니 저 유리창이 저희 호기심을 자극했죠 ㅋㅋㅋ 연남동카페 라프하우스 2층으로 올라가는 계단에는 이런 포스터들이 있었는데 아주 느낌 있는 곳임을 직감했습니다 ㅋㅋㅋ 연남동카페 라프하우스 들어가 자마 주문하려고~ 카운터에 갔을 때 제일 먼저 눈에 띄었던 스티커들!! 마케팅, 브랜딩 요즘 이렇게 하는 곳들이 많죠! 연남동카페 라프하우스 메뉴판입니다!! 저희는 라프라떼와 아몬드크림라떼, 말렌카를 주문했습니다!! 사실 말렌카가 뭔지도 모르고.. 그냥 그림 보고 주문했어요 ㅋㅋㅋㅋ 연남동카페 라프하우스 라프 RAF의 뜻! Respect Admire Faith 존경, 존중, 믿음이라.. 심오하군요... 연남동카페 라프하우스 전체적인 카페 분위기는 이래요!! 상당히 인테리어가 흰 바탕에 심심해 보이면서도 연남동카페 라프하우스 이렇게 다양하고 느낌 있는 포스터들과 테이블, 의자까지 모두 분위기를 만들어주고 있습니다!! 연남동카페 라프하우스 저 곰돌이도 곰돌이지만 이렇게 잡지, 책 같은 건 이렇게 쌓아두신 것도 설정이시겠죠!?ㅋㅋㅋ 연남동카페 라프하우스 이런 그림, 포스터들은 어디서 구하시는 건지.. 아주 신기방구 저도 이런 감각이 있었으면 좋겠네요.. ᅲᅲ 연남동카페 라프하우스 뭔지는 모르지만 일단 찍어보고 보니 제 얼굴이 나오는군요.. 사진 찍는 분들이라면 좋아하실 거 같아요! 연남동카페 라프하우스 라프하우스 전체적인 분위기를 영상으로 담아봤어요!! 인테리어도 느낌 있었지만 그 분위기를 배로 살려주는 BGM도 좋았어요! 잔잔하게 깔리는 힙합~ 연남동카페 라프하우스 찍어놓고 보니 계속 제 얼굴이 나오네요 ㅋㅋㅋㅋㅋㅋㅋㅋㅋ 아 이게 노린 게 아닌데.. 자신도 없는 얼굴인데.. 연남동카페 라프하우스 앉기 전에~ 사진 한 장~ 창가 쪽이 전 좋습니다 ㅎㅎ 연남동카페 라프하우스 이렇게 보니까 상당히 아득하죠!? 커피도 직접 가져다주시고~ 그냥 여기서 수다도 떨고~ 쉬었다 가기에 아주 좋을듯합니다!! 연남동카페 라프하우스 저희가 주문한~ 아몬드크림라떼(좌), 라프라떼(우)가 도착!!! 라떼라니!! 크림이 잔뜩 올라간 라떼라니!!!! 연남동카페 라프하우스 그리고 말렌카(초코)까지 등장!! 와 여기 크림 맛집인가 봐요 크림들이 너무 짱짱.. 입맛 다신다.. 연남동카페 라프하우스 라프라떼 라프라떼는요! 전체적으로 오렌지향이 강한 라떼에요! 위에 올라간 것도 오렌지 말린 거 같은데 커피와 부드러운 크림과 오렌지향이 묘하게 어울리는 게 저 이거 주문 잘 했습니다!ㅋㅋㅋ 연남동카페 라프하우스 아몬드크림라떼 아몬드크림라떼는 이름만 들어도 느낌 오듯이 완전 고소 달콤!! 이거 크림 진짜 맛있습니다 ㅋㅋㅋㅋ 친구 몰래 몇 번 뺐어먹다가 혼났죠... 연남동카페 라프하우스 말렌카 이건 처음 보고 처음 먹어보는 말렌카란 디저트인데요! 이거 진짜 맛있습니다 ㅋㅋㅋㅋㅋㅋㅋㅋㅋㅋㅋㅋㅋㅋㅋㅋ 와 막 단맛보다는 고소하게 달게 올라오니까 부담 없이 계속 먹을 수 있고 크림에 찍어 먹으면 난리 납니다.. 여러분 디저트는 이거 드세요!! 연남동카페 라프하우스 전체적으로 제일 인상 깊었던 라프하우스의 크림 맛!! 밑에 커피와 섞이는 거조차 아까워서 티스푼으로 열심히 퍼먹었던.. ㅋㅋㅋㅋㅋ 연남동카페 라프하우스 그리고 물은 달라고 하시면 이런 잔에 얼음 물로 주시는데 아주 좋습니다 ㅋㅋㅋㅋㅋ 하나하나 신경 써주신다는 걸 느꼈구요! 연남동카페 라프하우스 크... 제가 이런 곳에서 커피와 디저트를 하다니.. 아우.. 사람들이 왜 카페 투어도 다니고~ 여기저기 찾아다니는지 알게 되었습니다 ㅋㅋ 잠깐이라도 커피도, 단것도 즐기면서 한 템포 쉬어간다는 게 이렇게 행복할 줄은 몰랐네요 ㅋㅋㅋ 라프하우스 서울특별시 마포구 동교로32길 10 2층 라프하우스 제가 다녀온 곳은 여기입니다!! 연남동 거닐다가~ 들어가기 아주 좋은!!ㅎㅎ 골목에 있어서 조용하기도 하고~ 저는 개인적으로 너무 만족!! 갑자기 추워진 날 감기 조심하시고! 오늘도 긴 글 읽어주셔서 감사합니다!!^^ #연남동카페 #연남동케이크 #연남동디저트 #연남동데이트 #연남동커피 #연남동데이트코스 #연남동카페추천 #연남동디저트카페 #연남케이크 #연남동디저트맛집 #서울파블로바성지 #파블로바케이크 #라프하우스 #rafhouse #라프라떼 #아몬드크림라떼 #파블로바 #말렌카 #연남동인스타감성 #연남동연인과가기좋은곳 #홍대데이트 #홍대추천카페 #홍대케이크 #홍대라프하우스 #홍대입구역커피 #홍대입구역카페 #홍대입구역라떼맛집 #연남동라떼맛집"
연남동 디저트 카페- 라프하우스 다쿠아즈,"#연남동 카페 #연남동디저트 카페 전화번호 0507-1389-7353 주소 서울 마포구 동교로32길 10 2층 라프하우스 영업시간 월수목금토일 : 12:00-21:00 매주 화 : 정기휴무 연남동에는 진짜 감각적이고 예쁜 카페들이 많아서 맨날 가도 새로운 곳을 가게 되는 거 같아요 ! 저희는 연남동에서 해피치즈스마일 맛있게 먹고 이 카페로 갔답니당 홍대입구역 3번출구에서 나와서 오분정도 연남경찰서 방향으로 걸으면 바로 나오더라구요 밥 먹고 도착하니 네시쯤이였어요 ㅎㅎ 쨘 이건 라프하우스 메뉴판입니다~~~ 다른 카페에서 볼 수 없는 디저트들이 많았고 다른 달달한 음료가 많았어요😽 진짜 뭐 시킬지 한참을 고민했다는.. 사장님께서 잘 나가는 메뉴가 체리초코라떼랑 석류펜지에이드라고 하셨어요!! 그래서 그 두개로 당장 주문했어욥 ㅎㅎ 너무 귀여운 포스터들이 붙어 있었어요 처음에 자리가 없어서 여기 앉아있다가 쇼파자리로 옮겼답니당 위치도 좋아서 그런지 사람이 많더라고요!! 저희가 시킨 메뉴입니당~~ 체리초코라떼랑 석류펜지 에이드 다쿠아즈 흑임자와 황치즈예요😋 체리초코라떼는 밑에 체리 시럽이 깔려있어서 섞어 먹었는데 진짜 달달하니 제 취향이였어요 ㅠㅠ 친구꺼 다 뺏어머금 .. 다쿠아즈는 정말 오랜만에 먹어보는데 필링과 쫀득한 빵이 너무 잘 어울렸어요!! 이건 바로 흑임자!! 사실 전 치즈를 더 좋아하는데 흑임자도 못지않게 달달하고 맛있었어요 석류펜지에이드에 시럽넣어서 먹으라고 사장님께서 알려주셔서 넣는데 색깔이 오묘하니 너무 이쁘더라구요 ㅠㅠㅠㅠ 사실 제께 이 에이든데 친구랑 서로 한입씩 먹어보더니 서로께 더 자기 취향이라 바꿔 먹었어요ㅋㅋㅋㅋㅋ 살짝 상큼하면서 달달하니 안에 버블이 깔려있는 음료입니다 하나씩 버블이랑 같이 먹는 재미가 있었어용 ㅎㅎ 둘다 쫀득쫀득 하니 마치 마카롱 같았어요 밥먹고 이렇게 다쿠아즈 하나씩 먹었는데 배가 너무 부르더라는 ,,, 진짜 요즘 맨날 먹고 다녀서 살찌는거 같아요 ㅠㅠㅠㅠ😥 라프하우스 카페 화장실도 매장 바로 안쪽에 위치해 있어서 편하게 이용 할 수 있어서 좋았어요 ㅎㅎ 자리가 너어무 편하고 얘기하기가 좋아서 이렇게 오래있을 줄 몰랐는데 시간이 순삭이더라고요… 나오니까 어느새 밤이 되어 있었어요 진짜 재방문 하고 싶은 연남동 카페예요 나오는길에 이날 눈이 많이 왔었는데 누가 이런것도 만들어 놨다는 ㅋㅋㅋㅋㅋ 너무 귀엽져 ㅎㅎㅎ 다음에 또 오고싶은 편한 카페였어요 라프하우스 서울특별시 마포구 동교로32길 10 2층 라프하우스"
연남동카페 라프하우스 힙한 분위기 화려한 디저트,"2022년이 시작됐네요! 새해의 시작이 저의 생일이기도 했고, 퇴사와 함께 시작된 새해의 첫날이 매우 새롭네요.ㅎㅎ 새해는 제가 하고 싶은 것들을 원없이 다 해볼 계획이라 다채로운 한 해가 되지 않을까 싶어요. 무계획도 계획인지라 일단 원없이 놀기 ㅋㅋㅋㅋㅋㅋㅋㅋㅋㅋㅋㅋㅋㅋㅋㅋ 연트럴파크 사거리 부근 힙한 분위기의 핫한 연남동카페 라프하우스 1층이 카페인지 알았는데 의외로 2층이 카페 계단을 올라올때는 어떤 분위기의 카페일지 감이 오지 않았는데 2층 통창유리로 확 트인 힙한 연남동카페 라프하우스 평일 오후에 방문했는데도 주문이 밀릴만큼 핫한 카페였는데요. 메뉴들까지도 라프하우스의 감성이 담긴 독특한 메뉴들이 많았어요. 티슈꽂이도 독특해ㅋㅋㅋㅋ 카페 곳곳이 인스타 감성이라 사진찍기 좋아하는 저는 카운터에 라프하우스 스티커까지 챙겨서 갬성샷 마구마구 찍으며 놀다 왔어요. :) 카페 분위기가 감성적이기도 하고 모던하면서 시크 여러 분위기가 공존하는데 이상하지 않아서 사장님이 예술하시는분인가? 싶었어요. 독특한 소품들이 많은 연남동카페 라프하우스 구석탱이 자꾸 시선가는 퍼런 곰돌이 제가 꼽은 라프하우스 갬성포토존 해골이가 잠깐 잊었던 사람들을 떠올리게 했어요. 모두들 화.이.팅!!! 자기만의 시간을 온전히 즐길 수 있다는건 정말 행복한 일이네요. :) 인테리어 못지 않게 힙한 라프하우스의 디저트 사장님이 쉐프출신이라 플레이팅이 화려해요. 딸기파블로바가 라푸하우스 인기 디저트 같았지만 저는 좀 더 색다른 머랭롤라드라는 디저트를 맛봤어요. 흐르는듯한 크림 속 숨겨진 부드러움 바나나의 달달함과 코코아가 자연스럽게 섞여서 고소함이 씹힘 머랭롤라드는 머랭을 말아 만든 디저트라고 하더라고요. 달달함에 기분 좋아지는 디저트 머랭롤라드 음료도 매력적이었던 연남동카페 라프하우스 커피 마시고픈 저는 아몬드크림라떼 주문했는데 아몬드크림이 아주 풍부하게 얹어져 있는 아몬드크림라떼 아몬드의 맛이 진하게 나는 부드러운 라떼 투명젤리가 깔린 석류시럽에이드는 수제펜지시럽을 부어서 먹게 나오는데 시럽을 부으면 오묘해지는 음료 솜사탕스러우면서 소다스러운 맛에 상콤해지는 석류시럽에이드 색다른 디저트들을 경험해볼 수 있었던 연남동카페 라프하우스 라프하우스 서울특별시 마포구 동교로32길 10 2층 라프하우스 홍대역 3번 출구에서 5분 연남동카페"
연남동 감성카페 조용한카페 라프하우스,"연남동 감성카페 안녕하세요 연남동러버 유연입니다 이사오고 나서부터는 거의 강남을 안가게 되고 항상 연남 홍대 상수 합정 루트로 많이 다니고 있는데 평소 맛집이나 카페탐방을 자주 다니면서 정말 골목골목 숨은 카페 찾아다니는것도 소소한 낙이 되는것 같아요 라프하우스는 연남동 조용하면서도 한적한 연남동 감성카페로 인기가 많은 곳이에요! 주말에 남자친구와 함께 데이트하러 다녀왔어요 연남동 감성카페 좌석도 감성카페라고 딱딱하고 오래 앉아있기 불편한 좌석이 아니라 취향에 따라 편한 폭신폭신한 쇼파부터 다양해서 너무 좋았어요 연트럴파크 카페 분위기도 너무 좋고 카페에서 가장 중요한 노래선정도 너무 제 취향이라 굿굿 ! 감성카페지만 힙합노래가 울려퍼지더라구요 ㅎㅎㅎ 연남동 감성카페 라프하우스 그래서인지 많은 커플분들이 데이트하러 많이 오시고 담소나누로 친구들끼리도 가볍게 많이 방문하시는것 같아요 연트럴파크 카페 포토존이 너무 예뻐서 사진을 안찍어볼 수 없어서 한 장 건졌는데,, ㅎㅎㅎ 공간이 너무 마음에 들어서 집에도 가져가고 싶은 쇼파에요 감성카페에 오면 인테리어 소품 구경도 하면서 왠지 모르게 아기자기한 공간에 있으면 힐링도 되고 맛있는 음료와 디저트를 먹으면서 인생에 소확행을 느끼고 있어요 다양한 음료들이 많았지만 연남동 감성카페 라프하우스의 시그니처 음료 라프라떼와 석류팬지에이드 그리고 까눌레 2종을 주문했어요 연트럴파크 카페 제가 앉은 공간이 사람 지나다니는걸 내려다 볼 수 있는 창가자리라 연남동 사람들 지나다니는거 구경하면서 확실히 창이 크게 펼쳐져있으니 구석자리라도 답답하지 않아서 더 좋았던것 같아요 공간이 너무 예뻐서 이렇게 움짤로도 만들어보고 인스타그램 릴스로도 만들어봤는데 어떤가요? ㅎㅎㅎ 완전 감성 취저,, 앞으로 인스타도 열심히 해야겠어요 부지런히 먹스타도 함께 아이폰 12pro 인물모드로 촬영한 사진인데 얼마 전 나온 아이폰13 핑크컬로도 너무 예쁘더라구요 아이폰 14 존버해서 더 예쁘고 맛있는 음식과 감성사진 마구 마구 찍어서 포스팅할게요 인스타 감성카페에서 빠질 수 없는 항공샷 이렇게보니 라프라떼가 정말 조그만한것처럼 나오는데 생각보다 양은 적당했어요 고카페인 섭취는 금물,,, 까눌레 겉바삮 속촉촉인데 확실히 그렇게 달지 않은 디저트메뉴들이라 달콤한 음료랑 먹기 딱 적당해서 좋았던것 같아요 ~ 연남동 감성카페 라프하우스 라프라떼는 달콤한 오렌지가 들어간 라떼라 처음 먹어보는 신선한 라떼맛이라 정말 맛있었어요 확실히 일반적인 기본 라떼보다 과일이 들어가 있어서 더 달달하면서 맛있는 느낌! 연트럴파크 카페 석류팬지에이드는 석류가 들어가 있는데 팬지꽃도 함께 데코로 들어가 있는데 상큼하면서도 중독성 있는 맛이에요 지금까지 먹은 석류에이드 중에서 제일 새콤해서 맛있었어요 ~ 연남동데이트 한적한 연남동 감성카페라 사람이 많이 다니지않고 2층에서 창밖구경하면서 혼카레도도 정말 좋을것 같아요 조용하고 한적한데 음악선곡도 최고고 음료도 독특한 일반적인 카페에 판매되지 않는 음료들이라 더 독특해서 신선해서 좋았답니다 연남동 카페 라프하우스 인스타감성카페로 강추합니다 라프하우스 서울특별시 마포구 동교로32길 10 2층 라프하우스"
"연남동 카페 , 분위기 좋은 카페 라프하우스 다녀온 후기","약속이 있어서 다시 찾아온 홍대입구역! 얘기를 나누려고 카페를 찾았는데요 연남동 카페 중에 분위기 있고 디저트가 맛있다고 하는 곳이 있어서 찾아가 봤어요 홍대입구역 3번출구에서 도보로 5분거리에 있는 라프하우스라는 곳입니다 연남동 카페들 분위기 있는 곳들 많은데 이곳은 고급그럽기도하고 후기 사진들으 너무 이뻐서 선택했어요ㅋㅋㅋㅋㅋ 골목을 바로 들어서면 몇발자국 안가서 가까운곳에 있어서 찾아가기는 쉬워요 다만 정확한 골목을 찾아가야하니까 그것만 주의한다면ㅋㅋㅋㅋ (저희는 아무생각없이 가다가 옆골목을;) 건물 2층에 위치해서 간판도 2층에 딱 있네요 건물은 요 건물이에요 1층에 옷가게가 있어서 자칫 지나치기 쉬운데 잘 보고 들어가야해요ㅋㅋㅋㅋ 왼쪽에 있는 계단으로 2층을 향합니다 올라가는 길에 연남동 카페 라프하우스 로고가 있는 작품들?이 미술관처럼 느낌있게 붙어있어요 올라가면서도 이쁘다고 감탄하면서 올라갔어요 라프라는 말이 뭐길래 라프하우스의 라프가 아주 도배가 되어있을지 궁금해집니다 ㅎㅎㅎㅎ 입구는 자동문 유리통문으로 되어있어요 안에가 훤히 보여요 전체적으로 찍으려 했지만 입구에 다른 손님이 있어서 살짝만ㅎㅎㅎㅎ 들어가자마자 이쁘가면서 둘이 감탄하면서 들어갔어요ㅎㅎㅎㅎ 깔끔한 이런 분위기 너무 좋아요 애매한 이른 저녁시간이여서 손님은 별로 없었어요 그래서 전체적인 인테리어를 찍어봤어요 계산대만 봐도 아주 깔끔하고 청결함이 느껴지지않나요?! 메뉴판은 모니터로 게시가 되어있어요 주문하기에 앞에서 큐알 체크인도 해줍니당 메뉴에요 종류가 많지는 않지만 딱 깔끔해서 좋았어요 흔하지 않은 메뉴들도 있어서 골라보기 좋았어요 저희는 라프라떼랑 석류랜지에이드를 시키고 디저트가 유명하니까 디저트를 골라보는데 이름이 생소하지만 사진이 있어서 맛있어보이는 파블로바를 골랐어요 파블로바는 과일 두가지(무화과,포도)중에 고를 수 있었는데 요즘 제철이라고 하는 무화과가 있어서 무화과로 골랐습니다ㅎㅎㅎ 로고 스티커도 있어서 가져갈 수 있게 해놓으셨어요 이뻐서 혹했지만 딱히 붙일 곳이 없어서 다시 내려놨습니다ㅋㅋ 테이블은 다들 멀찍멀찍 떨어져 있고 7테이블 정도 있어요 큰 테이블도 하나 있지만 요즘 어차피 단체로 다니지도 못하니까 데이트로 커피마시기 오기 좋은거 같아요 내부에 화장실도 있어요 내부는 따로 안찍었지만 화장실도 인테리어를 깔끔하고 느낌있게 잘 해놓으셨어요 핸드워시가 록시땅ㅎㅎㅎ 한쪽은 전부 통창이라 창가자리에 앉았어요 아직 해가 있던 시간이라 빛도 살짝 들어서 이뻤어요 손씻고 좀 앉아 있었더니 메뉴를 직접 가져다 주셨습니다 먼저 석류랜지에이드가 나왔어요 시럽이 따로 나와요 에이드 색이 너무 이쁘죠 근데 시럽은 색이 파랬어요 커피 못마신다면 에이드 다들 드셔보세요 너무 맛있어요 존맛탱이에요 그리고 산딸기가 통으로 들어있어요 바로 라떼도 나옵니다 아프라떼가 아인슈페너처럼 나왔어요 크림이 뭉근하게 있고 뭣보다 저 데코가 너무 이쁘고 정성이 느껴지지 않나요?!딱봐도 맛있을거 같았어요 라떼랑 같이 디저트도 나왔어요 오아ㅏㅏㅏㅏㅏ아ㅏㅏ 디저트 보고 둘다 소리 질렀어요 와아ㅏ 너무 이쁘다 크기도 생각보다 크고 과일도 꽤 올라가있고 뭣보다 너무 이뻐서 둘다 인스타 올리겠다고 사진을 엄청 찍어댔어요 찍을 수 밖에 없는 비주얼이지 않나요 풀샷이에요 포스팅 필수 인스타도 바로 올립니다 ㅋㅋㅋㅋㅋ 이쁘다고 이리저리 찍어댔어요 갬성샷이라고 찍어도 보고 항공샷도 필수죠 과일도 되게 다양하게 올려져요 무화과가 메인이고 블루베리도 많이 들어가고 복숭아?같은것도 있고 자두도 있구 샤인머스켓도 있어요 파블로바가 뭔지 했는데 약간 수플레?같은 건줄 알았는데 겉에는 머랭쿠키같고 안쪽은 약간 빵처럼 익혀서 나왔어요 위에는 달지 않은 크림도 있어서 딱 적당히 달달하고 너무 달지않아 먹기좋았어요 라떼는 크림에서 약간 오렌지향이 은은하게 나고 달달한 맛이 있어서 커피랑 딱이였어요 파블로바는 아메리카노랑도 잘 어울릴거 같고 라떼랑도 잘 어울렸어요 너무 단맛들이 많지않고 과일들의 신선함들이 있어서 케익보다 가볍게 먹기 좋아요 에이드에는 시럽을 따라봅니다 영상보시면 색감도 너무 이뻐요 연남동 카페 중에서도 디저트도 맛있고 음료도 맛있고 분위기도 좋은곳! 데이트코스로도 추천하고 싶은 곳이에요 데이트코스 연남동 카페 추천👍🏻👍🏻 위치도 남겨드릴게요 찾아가실 때 참고해보세요 라프하우스 서울특별시 마포구 동교로32길 10 2층 라프하우스"
연남동 카페 라프하우스 인스타감성 서울파블로바성지 연남디저트맛집 순례 후기,"연남동 카페 라프하우스 인스타감성 서울파블로바성지 디저트맛집 연트럴파크는 단어가 처음엔 생소했지만 어느샌가 익수해지다보니 한번씩 찾아가게 만드는 매력이 있는 곳 같아요. 몇일전 그 핫한 연트럴파크 사거리 근처에 있는 힙한 인스타감성 디저트가 맛있는 연남동디저트맛집 연남동카페 라프하우스에 가보았는데요. 연남동 골목엔 핫한곳이 많은데도 그중에서도 연남동디저트맛집 수제 디저트로 유명한 라프하우스(RAF HOUSE) 연남동카페 라프하우스는 홍대입구역 3번출구에서 가까웠어요. 홍대입구역에서 5분정도 !! 연남동디저트맛집 라프하우스는 2층에 위치해 있어요. 통유리창 카페라 뷰를 기대하며 찾아가보았어요. 1층에 깔끔한 입간판이 보여서 쉽게 찾을 수 있었답니다. 역시 힙한 연남동카페로 입소문이 나서 사람이 가득했어요. 카페 내부는 요즘 인스타 감성 느낌의 테이블과 의자로 잘 꾸며져 있었어요. 한쪽이 통창이라서 비가 와서 운치 있게 비를 감상할 수 있었답니다. 매장은 약간 좁지만 탁 트인 느낌이에요~ 매장 곳곳이 모두 포토존이네요~ 이게 바로 연남동 스타일 연남동카페 라프하우스~ 힙한 소품들이 매장 곳곳에 숨겨져 있답니다. 인스타에서 한번쯤은 봤던 물건들이 다 있어요^^ 운좋게 통창이 있는 창가자리를 겟했어요~ 메뉴를 이제 주문할 시간~ 저희는 아메리카노와 라프커피를 주문했어요~ 라프커피는 라프하우스의 시그니쳐 메뉴라서 안 먹어볼 수가 없었어요. 라프커피를 주문할 때 아메리카노인지 라떼인지 물으셔서 저는 라떼라고 말씀드렸어요~ 비엔나 커피라서 위에 크림이 올라가 있는데요~이 맛이 아주아주 상큼하답니다. 느끼함이 그래서 하나도 느껴지지 않아요~ 보들보들 너무너무 입에서 사르르 녹더라구요^^ 커피맛도 제가 좋아하는 진한 커피향이 느껴졌어요. 부드러운 크림과 함께 먹으니 달쓴달쓴이 느껴서 하루의 스트레스가 싹 날아갔답니다. 연남동디저트맛집답게 연남동카페 라프하우스의 메뉴는 미리 만들어 놓지 않는다고 하네요~ 대표님께서 쉐프출신이셔서 그런지 모든 디저트가 수제이고, 플레이팅이 화려하더라구요. 역시 연남동디저트맛집 라프하우스 소문날만 하더라구요. 파블로바케이크, 말렌카케이크와 같은 흔하지 않은 수제 디저트로 아주 유명하다고해요. ◽ 파블로바 케이크 : 밀가루함량이 전혀없는 머랭케이크에 마스카포네 크림과 제철과일이 듬뿍 들어간 케이크. 겉은 머랭 특유의 과하지 않은 달달함에 살짝 바삭한 식감이 일품. 다이어트 포기. ◽ 다쿠와즈 : 폭신한 시트에 상큼한 레몬필링,단짠단짠 조합의 흑임자필링으로 채운 프랑스디저트 ◽ 라프라떼 : 라떼위에 뿌려진 라프하우스 특유의 시그니처 마크가 인상적. 일반 라떼와는 전혀 다른 오렌지크림이 위에 덮혀져 있음. ◽ 석류펜지에이드 : 달달한 석류시럽이 에이드 바닥에 투명젤리와 같이 깔려있고, 그위에 수제 펜지 시럽을 뿌려 시원하게 마시는 음료. 펜지 시럽의 향이 기분까지 상큼하게 만들어 줌. ◽ 말렌카케이크 : 설탕이나 시럽이 아닌 꿀을 사용한 듣한 은은한 달달함에 코코아 가루가 석여 기분 업, 거기에 쉐프님의 흐르는 듯한 크림데코를 추가함 달쓴달쓴한 커피에 라프하우스만의 느낌의 수제디저트가 한동안 자주 생각날꺼 같아요 :) 연남동 갔다가 우연히 찾아 들어간 연남동카페 수제디저트가 맛있는 연남동디저트맛집 라프하우스에서 통창뷰를 제대로 느껴보시는걸 추천합니다 ^-^ https://m.place.naver.com/restaurant/1099092209/location?subtab=location 라프하우스 : 네이버 방문자리뷰 205 · 블로그리뷰 187 m.place.naver.com #연남동카페 #연남동케이크 #연남동디저트 #연남동데이트 #연남동커피 #연남동데이트코스 #연남동카페추천 #연남동디저트카페 #연남케이크 #연남동디저트맛집 #서울파블로바성지 #파블로바케이크 #연트럴파크카페"
[연남동 카페①] 라프하우스 (RAF HOUSE),"안녕하세요! <Lyrical: 아름답고 열정적인> /리리카/ 입니다! 저 연남동에도 다녀왔어요!! 앞으로 연남동 소품샵, 카페 다~ 섭렵해 부지런히 포스팅 해볼랍니다🥳 자주 들러주세용!!!❤ 세련된 건물을 지나치지않도록 주의하세요!☝ '라프하우스'를 소개합니다.😉 ★★공지★★ 11/1 이후 인테리어가 바뀔 예정이래요. (내부 페인팅공사 등) 사진&영상들은 현재와 다를 수 있는 점! 참고해주세요😉 라프하우스 (RAF HOUSE) Open 11:00~21:00 금, 토 11:00~22:00 Tel. 0507-1389-7353 ★코로나상생 지원금 사용 가능 ★제로페이 가맹점 ★주차 X 라프하우스 서울특별시 마포구 동교로32길 10 2층 라프하우스 멋쟁이 디자인이 기선제압을 하지만, 우리는 눈 똑바로 쳐다보고 입장하실게요!! 😎 사진에 그림을 그려봤어요! 라프하우스는 2층이에요! 안내표가 감각적이죠? 입구 바로 옆에 한 소녀의 사진이 걸려있는데, 사실은 무시무시한 비밀이 있대요...👻 ❌주의❌ 무서운 장면이 포함되어 있으니 심약자, 노약자, 임산부는 시청에 주의해주세요. 무서워요ㅠㅠ 사람들이 같이 있어서 다행이었죠•• ❌주의❌ 무서운 장면이 포함되어 있으니 심약자, 노약자, 임산부는 시청에 주의해주세요. 여기 무시무시한 모나리자도 있어요!! 어딨는지 방문해서 찾아보셔요 😆 계산대 앞이에요. 손소독제, 휴지&물티슈, 스티커 굿즈가 있어요. 저 스티커 가져가려고 테이블에 올려뒀는데, 놓고온 것 같아요...ㅋ롸 할로윈 분위기에 맞춘 메뉴판이 한 층 식욕을 돋구어요🤤 과일크로와상, 눈깔눌레 아 눈깔눌레 이름 웃긴데 센스있어요ㅜ 눈깔ㅋㅋㅋ눌렠ㅋㅋㅋㅋ까눌레도아니고 내부 모습이에요. 자리는 꽤 많아요! 2인테이블 3개, 3인테이블 1개, 4인테이블 2개 이렇게 있었던 것 같아요! 완전 인스타감성 자리죠ㅎㅎ 카페 전체가 새빨간 조명으로 비춰지고 있어서 어딜 찍어도 붉은기가 남아있네요ㅋㅋㅋ (보정하려 해도 너무 강해요•••) 저희 자리 옆에 있던 붉은 유령이에요. 저친구 빛 덕분에(?) 이제 나올 음식도 다 벌겋답니다🤣🤣🤣 가게 곳곳에 ㅎㄹㅇ 분위기가 가득 내려앉았어요. 유령 곰인형이 어제 포스팅한 '프레젠트 모먼트'를 연상시키네요👻 [망원동 소품샵⑤] 프레젠트 모먼트 (Present Moment ) 안녕하세요! <Lyrical: 아름답고 열정적인> /사진장인 리리카/가 돌아왔어요! 폭발적인 사랑을 받은... m.blog.naver.com 저녁에 찍은 사진이에요. 입장은 밝을 때 했는데, 어두워지고 보니 자리가 더 분위기 있어보여요. 통창과 바깥 조명들의 조화란!! 이곳의 대표메뉴(?) ♣~ '파블로바' 랍니다 ~♣ 친한동생이 파블로바를 먹고싶어했는데, 직접 보니까 플레이팅이 짱 예술이에요🍨 ★꿀팁★ 다만, 위에 올라가는 과일토핑이 망고/ 사과/ 키위 등 변하는 것 같아요!! 저의 경우는 무화과 였어요 :D 근데 전 무화과를 잘 안먹어서🤣🤣쪼꼼 아쉬웠습니다 파블로바 다 보여드릴게요 낱낱이 파헤쳐봅시다!!!?🔍 🧸? 사실 파진않고 자르려구요ㅋ 반으로 잘라보겠습니다>_<//♡ 소리 잘 들리시나요? 왜냐면 이 친구들이 머랭식감이라 소리가 '사각사각'하고 나거든요. 🍎🐛 안쪽을 보여드릴까말까 고민 많이 했는데 저는 여러분께 꿀팁 정보를 나누고 싶은 착한사람인지라^^💘 안 쪽에는 작게 썬 과일이 들어있어요. 🍇 코스터와 수저에요!! 코스터 넘 깜찍한데, 동생이 자꾸 장난쳐서 ㅋㅋㅋㅋㅋㅋ 얘 팔꿈치에 어울리지않나요? ㅋㅋㅋㅋㅋㅋ친근한 디자인의 코스터ㅠㅠ 꿰매라고 했죠뭐 ㅎ 제가 주문한 '석류팬지에이드' 에요. 산딸기 & 석류시럽 & 젤리가 베이스로 들어가있고 마법 시럽이 함께 나와요. 이렇게 하니까 정말 무슨 마녀의 물약 아이템같지 않나요?⚗ 시럽을 부으면 붉은빛->보랏빛이 돼요! ★꿀팁★ 시럽은 100% 와우껌 향이 나는데, 넣으면 이전의 맛이 완전히 가려질 정도라서 맛에 민감하신 분들은 양 조절을 추천드려요! 저는 시럽 넣기 전이 더 맛있었어용. 이 문을 지나면 화장실이 나오는데,, 화장실 급할 때 가시면 놀래요!!!@ 왜냐하면... 두두두둥탁 블랙&레드의 강렬한 색감에 휩싸이기 때문에, 무서운 웃음소리 한 번만 나왔어도 죄다 지릴거에요,,,🥺움하하하하하하 정말~ 휴 놀래버려요..!! 거울 포토존이 몇 군데 있는데,🪆 사실 이 카페 전체가 포토존이라고 봐도 무방할 정도로 구석구석 정성껏 꾸며놓으셨더라구요🎀🎃 작은 인형들의 세계 RAF RAF RAF RAF RAF RAF RAF 맛있게 먹으면서 수다떨다보니, 벌써 어둑어둑해졌어요. 나오다가 벽이 힙해서 찍어봤어요.🗨 #오징어게임 인기가 참 대단하네요ㅎㅎ 한 쪽 벽에는 조각상들의 포스터가 눈에 띄어요. 이런 포스터는 어디에서 구매하는 걸까요?? 정말 특이한 것 같아요. 제가 오늘 주문한 음식을 원테이크로 잡은 영상인데, 이렇게라도 봐주시면 넘 좋겠어오😃🖤 아무런 기대없이 찾은 곳에서 만나게되는 행복만큼 일상을 소중히 여길 수 있는 순간이 더 있을까요..<3 제가 오늘을 소중히 여길 수 있었던 이유는, 바로 1년에 한 번 뿐인 할로윈과 축제를 통한 사람구경 덕이었죠 🎃🎁 많은 사람이 함께 지내던 걸 기억하고, 한 마음으로 바깥에 나오고 싶은 그리움과 그것들을 참으며 집콕, 거리두기 등을 해내는 것. 이 시기를 이겨내기 위해 각자가 힘겨운 선택을 감당하고 있으며, 반드시 해낼 수 있을거란 희망을 갖게 해준 밝은 날. 방문했던 '라프하우스' 였습니다. ;) ▼ 인스타그램 (라프하우스) ▼ 라프하우스 (@rafhouse_seoul) • Instagram photos and videos 499 Followers, 2 Following, 51 Posts - See Instagram photos and videos from 라프하우스 (@rafhouse_seoul) instagram.com 도움이 되셨다면, 공감 부탁드려요!❤ 이웃맺고 소통도 해요💗"
연남동카페 디저트 맛집 데이트코스로 딱 라프하우스,"안녕하세여 오늘은 카페!컨텐츠로 ㅎ 아니 요즘 예쁜 카페가서 시간 보내고 오는게 좋더라고요 가서 분위기 있게 사진도 찍고 맛난 것도 먹고 라프하우스 서울특별시 마포구 동교로32길 10 2층 라프하우스 영업시간 12:00~21:00 매주 화요일 휴무 여기 위치가 어디냐면 연트럴파크 사거리에 세븐일레븐 보이는거 거기서 오른쪽으로 들어가면 이렇게 나와요 라프하우스 2층! 웅장..해 계단 올라가면 작품들을 볼 수 있는데 여기서부터 딱 갬성 미쳤다라는 것을 직감할 수 있어요 딱 들어가면 이렇게 따뜻한 느낌에 크리스마스 시즌 분위기 잘 냈어요 요렇게 힙한 테이블도 있고 ~ 쇼파 편해보이네 솔직히 요즘 감성카페 가면 테이블 낮아서 허리 숙이며 커피나 디저트 먹어야하는데 여긴 높낮이가 딱이에요 그리고 완전 편해요 가자마자 여기가 예뻐서 여기 옆에 앉았어요 여기 조명도 예뻐서 사진 찍으면 잘 나오겠당~ ~~~예쁘다는 말 밖에 메뉴판이에요! 비싼 메뉴판 ㅌㅋㅋㅅㅋ 저희는 여기가 라프하우스인 만큼 라프커피랑 바닐라라떼(H) 머랭롤라드! 이렇게 시켰어요 여기 카페가 좋은게 다른 곳에선 흔하게 먹어볼 수 있는 그런 디저트가 아니라 차별점이 있다.! 여기 보니까 딸기 파블로바 케이크가 찐인 것 같긴 하더라고요 난 머랭롤라드 먹어봤으니까 그대들은 딸기 파블로바를 먹어보시게.. 음료와 디저트 주문하고 가게에 디테일적인 요소가 많아서 재밌었어요 우선 아더에러 곰돌스 패잘알 싸장님,, 그리고 요런 인테리어 감성 사장님 예술가시죠 갔는데 예쁜게 포인트가 너무 많아서 사진 진짜 많이 찍어왔어요 연남동카페 디저트 맛집 데이트코스로 딱 라프하우스 이 사진은.. 여기의 분위기와 오늘 나의 룩에 대한 사진이랄까,, 워크웨어,,아메카지..? 카페스티커 이런거 무조건 챙기는 편 쨋든 메뉴 나오기 전까지 사진 막 찍으러 댕기니까 음료랑 디저트 나왔어요 라프커피랑 핫바라(핫바닐라라떼) 그리고 머랭롤라드 앞 라프커피 뒤 핫바라 라프커피가 보니까 오렌지비엔나더라고요 (메뉴 앞에 가게 이름 있으면 무작정 시키는 편) 라프커피 진짜 맛있어요 위에는 몽글몽글하면서 오렌지 맛 나다가 아래 커피가 있는데 같이 마시면 극락 와우 오렌지 비엔나 입덕하고 갈게요? 쨘 머랭롤라드 연남동카페 디저트 맛집 데이트코스로 딱 라프하우스 음료 먹다가 허겁지겁 또 찍은 사진ㅋㅋㅋ 디저트가 너무 예쁘게 생겼자나요,, 연남동카페 디저트 맛집 데이트코스로 딱 라프하우스 제가 생각했던 맛과 식감이 달라서 깜짝 놀랬어요 아니 빵인데 어떻게 이렇게 부드러울 수 있냐며,, 그냥 사르르 녹는 수준,, 맛은 그냥 딸기맛만 날 줄 알았는데 바나나도 들어가 있어서 극호였다 힛 이거 말로 말하기 힘들고 직접 먹어봐야 앎 당장 달려가.... 연남동카페 디저트 맛집 데이트코스로 딱 라프하우스 아닠ㅋㅋㅋ다시 보니까 완전 이상하네 근데 어쩔 수 없음 먹으면서 찍으면 다 저래~ 그리고 맛있으니까 그걸로 난 됐어 ㅎ https://instagram.com/rafhouse_seoul?utm_medium=copy_link 라프하우스(@rafhouse_seoul) • Instagram 사진 및 동영상 팔로워 490명, 팔로잉 3명, 게시물 64개 - 라프하우스(@rafhouse_seoul)님의 Instagram 사진 및 동영상 보기 instagram.com 인스타 찾아보니 역시나 있었고~ 둘러보니 나 침 질질 흘리고 있었고,,, 피드에 올라간 디저트들 보고 있음,.. 먹고싶다는 생각밖에 ㅋㅋ"
[연남동 카페] 달콤한 디저트와 맛있는 커피가 있는 분위기 좋은 카페 라프하우스,"달콤한 디저트와 맛있는 음료가 있는 카페 #홍대카페 #연남동카페 #라프하우스 #파블로바 #연트럴파크카페 #홍대맛집 #연남동맛집 ✔ 라프하우스 ✔ 서울 마포구 연남동 260-56 2층 ✔ 파블로바 11.000원 석류팬지에이드 6.500원 홍대, 연남 연트럴파크 뒷골목 2층에 위치한 카페 올라가는 계단도 힙스럽다 벽면엔 조각상 사진이 붙어 있고 한쪽 벽면엔 파란색으로 RAF가 그려져 있다 계단 조명도 이쁘다~ 실내로 들어가니 그리 넓진 않다 하지만 테이블 하나하나 다 다르고 귀여운 소품부터 조명까지 다양하게 포토존이 형성되어 있다~ 창문쪽 자리에 앉고 싶었으나 이미 자리가 만석!! 한켠에 넓은 테이블에 자리를 잡고 주문하러~ 메뉴를 보니 커피, 티, 에이드, 논커피, 디저트류가 있다 우린 이집의 시그니처 메뉴인 파블로바케이크와 까눌레, 아몬드크림라떼, 석류팬지에이드를 주문~ 자리에 앉아 주변을 스캔~ 구석에 귀여운 곰돌이 조명도 있고 스탠드 조명도 있고~ 아기자기한 소품이 다양하게 있다 먼저 나온 까눌레 특이하게 생겼고~ 사장님께서 4등분 해서 먹으면 맛있다고 하여 바로 칼질!! 하는데 겉이 딱딱해 잘 안짤린다 ㅠ 힘주어 잘라보니 겉만 딱딱하고 안쪽은 잘 짤린다 한입 먹어보니 완전 겉바속촉~ 쿠키인거 같으면서 안은 촉촉한게 식감이 특이하고 커피와 잘어울린다 주문한 커피는 아몬드크림라떼로 카푸치노 처럼 거품이 풍성한 커피가 나왔는데 한입 마셔보니 오~ 위에 있는게 거품이 아니고 아몬드 크림이다 고소하면서 달콤한데 크림이 쫀쫀하다~ 커피인듯 커피아닌 느낌 오랜만에 맛난 커피 마셨다~ 에이드도 하나 시켰는데 라프하우스의 인기메뉴 석류팬지에이드 예쁘게 생긴 잔에 빨간 석류 시럽이 바닥에 깔려 있고 그위로 투명하고 시원해 보이는 에이드와 얼음 그리고 잔위에 예쁜 풀이 올려져 있다 무슨 풀인지 모르게음 ㅠ 아마 허브 종류가 아닐까 싶다 그리고 조그만한 잔에 보라색 팬지 시럽?도 함께 나오는데 에이드에 부웠을때 비로서 석류팬지에이드가 완성 된다~ 빨간석류시럽과 보라색 팬지 시럽이 층져 너무 예뻐진다 섞어서 맛을 보니 시원하면서 상큼한 석류맛이 강하다~예쁘기만한게 아니라 맛도 좋다 마지막으로 이집의 시그니처 파블로바 케이크 파블로바는 머랭을 구워 그위에 생크림과 계절과일을 올린 케이크다 쉽게 말해 머랭케이크!! 돌로된 플레이팅 접시에 머랭케이크와 생크림이 뿌려져 있고 무화과, 청포도, 블루베리, 천도복숭아 등이 예쁘게 꾸며져 있다 비쥬얼이 너무 예뻐서 모양을 망가트리기 싫을 정도! 사진을 안찍을수가 없는 비쥬얼이다~ 그래도 맛을 봐야 하니 칼로 사삭 잘라서 한입! 겉은 바삭한데 속안에는 쫄깃하다 아무래도 머랭이 흰자랑 설탕으로 만들었다 보니 좀 달긴 하다~ 개인적으론 바깥쪽 바삭한 식감보다 안쪽에 쫀득한 쪽이 더 맛있다~^^ 중간 중간 과일들과 함께 먹으면 상큼하면서 달콤 비쥬얼도 좋고 식사 후 완전 딱!! 마침 비도 오고 있고~ 창가 테이블 자리 나서 비오는 창밖 골목을 바라보며 커피 마시는데 너무 운치 있고 좋다~^^ 홍대,연남에서 맛있고 분위기 좋은 카페를 찾는다면 추천! 라프하우스 서울특별시 마포구 동교로32길 10 2층 라프하우스"
연남동 파블로바케이크 차분한 감성 카페 '라프하우스',"안녕하세요 들레입니다아٩꒰｡•◡•｡꒱۶ 연차를 쓰고 홍대/연남동/마포를 놀러 갔었는데 달콤한 연차를 더 달콤하게 만들기 위해 디저트 카페를 찾아보았어용 디저트카페를 굉장히 좋아하는 편>,< 모던한 힙 감성에 파란색 포인트가 인상적이었던 홍대 입구 연남동 디저트 카페 '라프하우스 / RAF HOUSE' 입니다. 홍대입구역 3번 출구에서 도보 5분 거리에 있고 홍대경의선숲길 인근이랍니다! 5월 26일에 방문했는데 가오픈기간이라고 하셨고 오픈날짜는 21년 5월 28일이라고 합니다! 따끈따끈 신상카페였지 뭐에요-@ 신상카페스럽게 굉장히 깔끔한 내부에 푸른계열의 포인트들이 인상적이었어요 차분하고 편한 카페에요 곰돌이💙 존중 + 존경 + 믿음 '존중에 의한 공존' 라프하우스 조,,조금어렵지만 사장님의 철학이 멋있게 담긴 것 같아요 시그니처인 라프라떼부터 아몬드크림, 흑임자크림, 체리초코라떼 개성있는 라떼들이 많았어요 (테이크 아웃은 1,000원 할인!) 에끌레어플레이트는 금, 토, 일만 판매하고 견과류가 들어가 있는 메뉴도 표시해 주셨으니 *ﾟ･*✲ﾟ*가시기 전에 참고하기*ﾟ･*✲ﾟ* 아이스 아메리카노 - 5,000원 석류팬지에이드 - 6,500원 케이크를 시켜서 주문한 아메리카노와 석류에이드는 알겠는데 팬지..? 꽃? 궁금해서 주문한 석류팬지에이드! 맨 아래에는 석류색이고 그 위는 팬지꽃 같은 보라색 시럽이 올라가 있었어요💜 산딸기가 올라가있어서 그대로 먹어도 되지만 저는 수저로 으개줬어용 열심히 휘적휘적휘적휘적 굉장히 상큼하고 과하게 달지않았어요٩(๑>ω<๑)۶ 파블로바 케이크 - 11,000원 와... 이 존예로운 비주얼을 봐주세요 이전에 다른 카페에서 본 파블로바케이크는 녹아 내린 느낌이었는데 모양이 잘 잡혀있었구 블루베리랑 산딸기, 생딸기, 바나나가 올라가 플레이팅 너무 예쁘다 구욧(따흐흑) 과일은 제철과일이 올라간다구 해요 파스스스삭- (๑′ᴗ‵๑) 머랭 자르는 소리에 기분이 몽글몽글๑๑ 친절한 사장님께서 직접 가져다 주시면서 마스카포네크림과 과일, 머랭을 함께 먹으라고 알려주셨어요 바나나는 싫지만 가격 값 충분히하는 맛있는 디저트라고 생각합니다! 아직 사람들이 찾지 않은 보물을 먼저 찾아낸 느낌이었던 보물같은 '라프하우스' 홍대입구역 인근 연남동 카페였습니다 라프하우스(@rafhouse_seoul) • Instagram 사진 및 동영상 팔로워 77명, 팔로잉 1명, 게시물 7개 - 라프하우스(@rafhouse_seoul)님의 Instagram 사진 및 동영상 보기 www.instagram.com 라프하우스 서울특별시 마포구 동교로32길 10 2층 라프하우스 라프하우스 서울특별시 마포구 동교로32길 10 2층 0507-1389-7353 일-목 11:00 - 21:00 금-토 11:00 - 22:00 우리 소통해요🎀 우리 이웃해요🎀 #라프하우스 #홍대카페추천 #연남동카페 #카페탐방 #홍대파블로바 #홍대감성카페 #홍대예쁜카페 #숲길공원 #내돈내산"
연남동 디저트 카페 라프하우스,"긴급작전 케이크를 전달하라 첩보영화 찌금,,, 배우자의 생일이 내일인데 내일 홀로여행을 간다는 소식을 뒤늦게 접하고(?,,, 그래요 그럼 우리가 오늘 간다! 함서 초고속 생일상 준비ㅠ 눈발이 흩날리는 가운데 라프하우스 도착! 출처 마켓컬리 우리가 원하는 것은 단 하나 MALENKA *말렌카 케이크 : 뜻은 잠깐, 조금이라는 뜻. 체코의 디저트 회사 이름이며 말렌카 허니케이크가 대표적이다! 꿀케이크 포장이 진행되는 동안 가게 구경 우리는 코코아/ 레몬 2조각 씩을 담았다 말렌카 먹고 싶다고 말해줬던 걸 사다줄 수 있어 다 행 RAF HOUSE 하핫 급하게 전화하고 가서 휘리릭 포장한 우리를 위해 배려해주신 카페 사장님들 고맙섭니다,, 다음에 파블로바 케이크 당기러 가보고픈 라프하우스 서울특별시 마포구 동교로32길 10 2층 라프하우스 생일초까지 불면 좋았을텐데 아쉽지만 케이크 전달하고 차 안에서 생축 노래 영상 만들어 보내고 바깥에서 생일 축하 🎂 친구가 찍어준 인증샷 즐거운 여행시간 보내고 오길 바라며 다시 한 번 더 축하해욧♥️♥️♥️ #당신의근황 #겨울당근"
연남동 디저트맛집 카페추천 힙한 라프하우스 데이트코스로 좋은 곳이에요,"연남동 디저트맛집 힙한 라프하우스 안녕하세여 연남동에 위치한 디저트맛집 , 세상 힙한 카페 라프하우스를 다녀왔어요 ㅎㅎ 위치&운영시간 위치 : 서울 마포구 동교로 32길 10, 2층 운영시간 : 12:00 ~ 21:00 매주 화요일은 정기휴무 화요일은 정기휴무이니깐 피해서 방문하세요 ㅎㅎ 2층에 들어서면 벽면부터 파랑색 벽과 RAF가 반겨주고 있어요 ㅎㅎ 세상 힙한느낌쓰 입구까지 가는 동안 눈이 즐거운 연남동 디저트맛집 라프하우스에요 입구에 들어서니 이미 사람들로 가득 차있네요 연남동디저트맛집과 힙한카페로 이미 유명한 라프하우스에요 모든 디저트는 전문 조리사분이 주문과 동시에 직접 플레이팅까지 하신다고 해요 ㅎㅎ 맛있는 맛을 위해서라면 조금은 참을 수 있쥬~? 조금 특이한 점은 주말, 공휴일에는 노트북 사용이 금지래요 ㅠㅠ 아무래도 테이블이 그리 넉넉하지는 않고 연남동 디저트맛집 힙한카페로 유명한 라프하우스의 인기때문에 웨이팅이 다소 생길 수 있어서 그런것 같아요 RAF 뜻? RAF Respect + Admire + Faith 넘나 귀여운 라프하우스 굿즈들이에요 ㅎㅎ 물티슈가 이렇게 힙한느낌이 드는 이유는 뭘까요~? 아무래도 라프하우스의 분위기때문인것 같아요 ㅎㅎㅎ 우리의 자리는 바로바로!! 창가쪽에 구석에 위치해 있는 자리에요 ㅎㅎㅎ 의자가 아주 편하더라구요 ..! 출입문 앞이라 조금 그랬지만 밖을 볼 수 있고 의자가 편해서 여기로 앉았어용 대표메뉴 연남동디저트맛집 힙한카페 라프하우스 대표메뉴는 라프커피(오렌지비엔나), 딸기파블로바에요 대부분의 사람들이 딸기파블로바를 많이 주문해서 먹고 있더라구요 세상 힙한 라프하우스 ㅎㅎ 곳곳에 굿즈들이 연남동 디저트맛집 힙한 라프하우스의 분위기를 띄어주는 느낌이네요 넘나 귀여운 음료받침이에요 저는 날씨가 추워서 콧물이 조금씩 나서 따뜻한 음료를 먹고싶어서!! 핫초코를 주문했어요 ㅎㅎ 라프하우스 핫초코 감상하고 가실게욤 위에 마쉬멜로가 킬포 ㅎㅎㅎ 입에서 사르르 녹네용 이건 자몽에이드 ㅎㅎ 자몽에이드도 맛있어요!! 저는 오늘 조금 특이한 디저트를 주문했어요 ㅎㅎ 다쿠와즈 흑임자에요 흑임자를 원래는 별루라고 생각을 하고 살았는데 강릉에서 흑임자 젤라또를 맛보고.. 달라진 저의 입맛이에요 ㅎㅎㅎ 라프하우스 다쿠와즈 흑임자 정말 귀엽고 달달하면 고소한 맛이 아주 맛있어요 넘나 예쁜 연남동 힙한카페 라프하우스에요 연남동 디저트맛집 힙한카페 라프하우스는 내부를 정말 아기자기하며 감각적으로 꾸며놨어요 연남동 데이트코스로 추천해요! 오늘 연남동 세상힙한 디저트맛집 카페인 라프하우스 리뷰를 봐주셔서 감사합니다! 라프하우스 서울특별시 마포구 동교로32길 10 2층 라프하우스"
"[서울:홍대,연남동] 규동 맛집과 깔끔한 카페 '키햐아, 라프하우스'","2022.09.24 오늘 1개밖에 수업이 없어서 이슬이와 홍대에서 놀기로 했다. 이제 내 구역인 홍대 ^^ 학교가는데 2시간정도 걸려서 점심을 10시에 미리 먹었더니 너무너무너무 배가 고파서 이슬이를 만나자 마자 밥을 먹으러 갓다. 원랜 솥밥을 먹을까 했는데 대기줄이 정말 어마무시해서.. 그 옆가게인 키햐아에 갔다. 키햐아 서울 마포구 동교로38길 35 , 3층 매일 11:30 ~ 22:00 시간이 애매한 4시 30분 쯤이었는데 브레이크타임이 없는 아주 좋은 식당이다. 내부는 생각보다 넓직한데 손님들이 있어서 뒷쪽은 못찍었음 ㅠㅠ 나중에 저 2인석에 앉으면 갬성 있을 것 같다. 우린 햇빛이 너무 강해서 바로 뒷쪽에 앉았다 ㅎ 메뉴가 더 많았지만.... 귀찮아서 패스 나는 규동세트, 이슬이는 대창덮밥 세트를 시켰다. 그리고 난 후회함 ㅠㅠㅠㅠㅠㅠㅠㅠㅠㅠㅠㅠㅠㅠ 일단 이게 슬이의 대창덮밥 세트! 연어회가 같이 나온다. 이거 진짜진짜 쫀맛이었음! 나도 이거 시킬걸 ㅠㅠㅠㅠ 괜히 대창덮밥이 매콤하다고 적혀있어서... 안매운 규동으로 시켰는데...ㅠㅠ 이게 내가시킨 규동덮밥 세트이다. 얘는 가라아게가 세트로 나온다. 얘도 맛있었음! 내가.. 매콤으로 시키지만 않았어도....^^........ 다들 알겠지만 맵찔이인 나는... 한 입 먹고 쎄해서 내가 주문한 내역을 보니 매콤으로 찍혀 있었다...... 아니 왜 매콤이 기본설정이냐고!!!!!!!!!! 왜 기본맛이 밑에 있는거냐고!!!!!!!!!!!!!!! 휴 어찌저찌 먹고나서 이슬이의 대창 덮밥도 먹어보니 얘는 하나도 안매웠음 ㅋㅋㅋㅋㅋㅋㅋㅋㅋㅋㅋ 나중엔 기본맛으로 먹어야지 ㅠㅠㅠ 아 진짜 메뉴판 순서 다시 만들어라 ㅡㅡ 키햐아 연남점 서울특별시 마포구 동교로38길 35 3층 슬이랑 밥먹고 소화시킬겸 원더플레이스 갔다가 홀린듯이 옷을 살 뻔했다...... 인내심을 발휘해서 안샀음ㅎ 둘만의 규칙이.. 사고싶은게 생기면 한바퀴 돌고나서 다시 생각나면 사는거고 아니면 안사는거다... 저번에 만남 이후로 생긴 규칙이다. 이거 나름 유용함 계속 돌았더니 다리가 넘 아파서 근처 카페로 아무데나 들어가기로 했다. 라프하우스 서울시 마포구 동교로32길 10, 2층 매일 12:00 ~ 21:00 몰랏는데 여기 내가 저장해둔 카페였음.... 내부에는 사람이 꽉 차있었다. 우리가 마지막 테이블을 차지! 요즘 이런 거울이 많던데, 탐난다... 나는 아이스 아메리카노, 슬이는 아몬드 크림라떼를 시켰다. 오늘 하루종일 커피를 안마셨더니 머리가 아팠음 ㅠㅠㅠ 이거는 같이 시킨 말렌카초코롤이다. 근데 이거 진짜 크기 엄청 작음 ㅋㅋㅋㅋㅋㅋㅋㅋ 시키고 나서 슬이랑 나랑 엥?????했다. 2딴게... 6...천원......? 맛은 약국에서 파는 딸기향 시럽맛이 났다..... 디저트는 비추 다른건 몰라도.. 저 초코롤은 .....ㅎ 그래도 커피는 맛있었다 커피도 양이 적어서 아쉽 ㅠㅠ 저번에 부평구청에서 먹은 아인슈페너가 생각났다... 부평구청 근처 맛있는 파스타와 예쁜 카페, 소품샵 [존중, 프릴, 마법사 잡화점] 오늘 이슬이랑 오랜만에 부평구청에 갔다. 원래는 참새초밥을 가려고 했으나 아침에 비가 조금씩 와서 급하... blog.naver.com 진짜 여기서 먹은 아인슈페너가.. 양이 최고였다.....ㅋㅋㅋㅋㅋㅋㅋㅋㅋㅋㅋㅋㅋㅋ 어쨌든 오후 늦게 만난거라 오래까지 못놀아서 아쉽지만 새로운 맛집을 찾아서 좋았다~ 물론 집가는 길에 배탈남 ㅠㅠㅠ 흑흑흐극흑 우리나라 매콤의 기준은 넘나 빡센 것... 국적을 잃었다."
인스타 감성 파블로바 [라프하우스] 연남동 카페,"디저트 2차는 파블로바가 기다리는 라프하우스 딸기 케이크가 먹고싶다는 친구의 말에 피오니를 가려고 했지만, 발이 아프다는 친구들을 데리고 모투누아에서 피오니까지 가기는 무리... 결국 현재 위치에서 가장 가까운 딸기케이크스러운 디저트 파는 곳을 찾아 라프하우스로 향했습니다. 라프하우스 서울특별시 마포구 동교로32길 10 2층 라프하우스 사람들이 줄 서 있던 고깃집 앞 건물 2층... 카페에서 내려다보니 사람이 엄청 많았던 고깃집... 네가 궁금해... 다음엔 너다. 뭔가 모던한 인테리어에 다양한 소품들로 장식해 놓은 라프하우스 따뜻함 보다는 차갑고 깔끔한 느낌의 인테리어가 인상적이었고, 이곳도 테이블이 많지는 않았지만 내부가 널찍해서 답답한 느낌은 없었다. 그리고 모투누이보다는 훨 한적해서 여유롭게 이야기하며 시간보내기 좋았던 곳. 메뉴가 많은 편은 아니었고 파블로바가 메인 디저트인 것 같았다. 원두도 두 가지를 가지고 계셔서 선택 할 수 있는 것 같았고, 파블로바도 하드픽 머랭베이스과 소프트픽 머랭베이스를 선택할 수 있었다. 우린 아마도 소프트픽? 라프하우스는 주문 즉시 메뉴를 만들기 때문에 시간이 소요된다는 안내문구. 하지만 사실 미리 다 만들어 놓고 플레이팅만 해주시는데 10분이나 소요... (파블로바는 굽는데만 거의 2시간 가까이 걸리는 디저트) 사진찍기 좋게 플레이팅 해주시려니 이해는 하지만 또 이해가 안되기도 하는 시간... 기다림 끝에 나온 음료와 파블로바! 시간이 걸린만큼 예쁘긴 하당..ㅎ 음료는 석류펜지에이드, 청귤에이드, 자몽에이드 앞에서 달달한 음료들을 먹고 왔더니 에이드 메뉴로 통일 해버린 우리들 음료는 청량하고 딱 에이드 맛! 예쁘게 데코레이션 되어 나온 파블로바 자른 단면 사진이 없지만 폭신한 파블로바에 크림이 올라가서 부드러운 케이크 같은 식감의 디저트였어요. 저희가 소프트픽 베이스를 골랐던건지 기억은 안나지만 약간 식감이 더 있었으면 좋겠다 싶긴 했습니다. 그런 기념으로 내일은 파블로바나 한 번 만들어봐야겠네요~ㅎ 라프하우스 서울특별시 마포구 동교로32길 10 2층 라프하우스 한적하고 예쁜 파블로바가 기다리는 라프하우스 연남동에 가신다면 한 번 방문해 보셔도 좋을 것 같습니다~ :)"
"연남동 카페 라프하우스 이색 디저트 아이스 파블로바 케이크, 석류 팬지 에이드","연남동 골목길 안 쪽에 위치해있는 라프하우스 건물 2층에 위치해있어서 계단을 타고 올라가면 돼요! 계단으로 올라가면 대기리스트를 작성하는 곳과 편하게 대기하기 위한 의자가 놓여져있어요 다행히 저는 평일 점심시간 즈음에 방문했더니 제가 나올 때 쯤에 사람들이 몰려오기 시작하고 저는 웨이팅 없이 편하게 자리를 잡을 수 있었어요 내부에는 자리가 제법 많이 준비되어있어요! 알록달록한 느낌의 의자들때문에 카페의 매력이 더 사는 느낌이 들더라구요 창가자리는 3자리가 있었고 그 중 한가리를 택해 자리 잡았습니당 통창이라서 창가자리에 앉으면 골목길과 주택건물, 지나다니는 사람들이 잘 보여서 멍때리기 좋아요 아기자기하면서도 감성적이고 카페의 특색이 느껴지는 인테리어들 맥 모니터에는 페이스타임이 켜져있어서 거울마냥 사진을 찍을 수 있어서 재미지더라구요!! 카운터에 메뉴판과 각종 초들과 안내문이 놓여져있어요 다른 것보다 디저트들이 큼직하게 사진과 함께 구성 요소들이 적혀있어서 너무 좋더라구요 파블로바케이크는 주문후 메뉴 완성까지 시간이 조금 걸린다는 안내가 적혀있는데 그래서 파블로바를 제작하고계실때는 안 쪽에 계시더라구요 카운터에 아무도 없어도 놀라지마시고 사장님 부르시면 될 것 같아요! 깔끔한 느낌이 가득나는 카운터 위에 휴지와 물티슈가 놓여져있어요 아이스 파블로바 석류팬지에이드 석류팬지에이드 연남동 카페 라프하우스의 시그니쳐 음료 중 하나인 석류팬지에이드! 음료와 함께 시럽이 같이 나와요! 따로 나온 시럽을 위에 부어주면 색이 섞이면서 너무 영롱한 비주얼이 되어요 >..< 안에는 봉봉음료 속 알갱이같은 알갱이가 들어있어서 맛과 함께 식감도 즐길 수 있더라구요 음료는 더운 여름에 딱이게 시원상콤달달❤ 아이스 파블로바 아이스 파블로바는 안내지와 소스가 같이 나와요! 소스는 유기농 올리브오일과 패션후르츠, 연유등으로 만들어졌는데 기호에 따라 부어서 먹으면 된다고 안내해주셨어요 파블로바는 첨이었는데 먹는 방법부터 재미나고 비주얼도 너무 예뻐서 매력적인 디저트같더라구요>..< 파블로바 위에 아이스크림이 올라가있으니 겉바속쫀 파블로바와 부드러운 아이스크림의 조합이 너무 좋더라구요! 예쁘고 달달하고 시원하니 여름에 찰떡인 디저트 느낌 >..< ""이 글은 리뷰노트를 통하여 본 업체에서 제품 또는 서비스를 제공받아 작성된 글입니다"" #연디_서울 #연디_마포구 📍 라프하우스 🏠 서울 마포구 동교로32길 10 2층 (연남동 260-56) 🗓 매일 12:00~21:00 📞 0507-1389-7353 🚗 주차공간 x, 인근 공영주차장 이용 또는 대중교통 추천! 🎮 인스타그램 : @rafhouse_seoul 라프하우스 서울특별시 마포구 동교로32길 10 2층 라프하우스 연남 🔽 서울/연남동) 쿠시노주방 :: 연남동에 위치한 감성가득 맛도 가득인 이자카야 안녕하세요!! 오늘은 연남동에 위치한 ""쿠시노주방""에 다녀온 후기를 가져왔습니당!! 저는 예전... blog.naver.com 마포구 홍대 ㅣ 차가움과 따뜻함이 공존하는 분위기 좋은 홍대카페 <오퍼 카페> 홍대에 위치해있는 '오퍼 카페' 갈색톤으로 꾸며져서 차가움과 따뜻함이 공존해 매력적인 곳이에... blog.naver.com 서울 마포구 :: 1세대 건축가의 건축물을 개조한 홍대 핫한 카페 아벨롭 안녕하세요 연디에요! 요즘에는 주택이나 공장 등 기존 건축물을 카페로 개조하는 곳이 많은 것 같아요!! ... blog.naver.com 연디 인스타그램 🔽 연디의삶 ㅣ 여행 ㅣ 맛집 ㅣ 카페(@yeon.di_) • Instagram 사진 및 동영상 팔로워 116명, 팔로잉 121명, 게시물 80개 - 연디의삶 ㅣ 여행 ㅣ 맛집 ㅣ 카페(@yeon.di_)님의 Instagram 사진 및 동영상 보기 www.instagram.com"
"#디저트맛집 연남동 분위기 죽이는 힙 감성 카페 ""라프하우스"" 왕추천❤️","안녕하세요우우~~ ^-^ 오랜만입니다 ㅎㅎㅎㅎ 한동안 포스팅을 못했는데요 ㅠㅠㅠ 다시 열심히 포스팅을 해보겠습니당 !! 아자아자 라프하우스 서울특별시 마포구 동교로32길 10 2층 라프하우스 오늘 방문한 곳은 #연남동카페 중에서 가장 힙~~~하다고 소문난 #라프하우스 방문 후기를 작성해보려고 합니다 ! 위치는 연남동 골목에 잇으니 네이버 지도를 키셔서 잘 따라오세영 ㅎㅎ 라프하우스 📍전화 : 0507-1389-7353 📍주소 : 서울특별시 마포구 동교로32길 10 2층 라프하우스 📍영업시간 : 12:00 ~ 21:00 📍주차공간 x 칭구들이랑 방문했는데 연남동에 이런 곳이 있엇나 ?!? 이렇게 힙한 곳이 있었나!!!!! 놀라면서 들어갔어요 ㅋㅋㅋ 남다른 힙 갬성에 놀라버린 28살덜.... 이제 곧 라떼... 라니!!!! 라떼는 말이야~!~!~!! 주말 바쁜 시간에 방문하면 대기하실 수 도 있다고 하니 꼭!!!!! 평일에 가시거나 사람 없을때 방문하는거 추천쓰~~ 그치만 대기하고 가도 좋은것~~~^^ 저희는 카페 오기전에 곱창전골을 두둑히 먹고와서 그런지 넘넘 배불럿어여... 그치만 휘주는 참을수 없지 밀크티 주문~ 밀크티, 석류펜지에이드, 청귤에이드 와 머랭블라드 주문!!!!! 메뉴판도 왤케 힙한지 ㅎㅎㅎ 노트북에 붙일 스티커까지 ㅋ.ㅋ 넘 귀엽쥬? 이곳이 바로 저희 자리랍니당 카페 인테리어가 너무 취저라서 계쏙 사진찍었어용,, 오래 있으면서 계속 사진 찍었으면 인생샷도 찍을 수 있었을거같은데 수다떠느라 넘 바빠서 사진은 따로 못찍었네유~~~ 벌써 만석 !!! ㅇ0ㅇ 요것이 바로 #머랭블라드 입니다 겁나게 이쁘쥬??? 머랭블라드를 처음 먹어봤는데 제 칭구들도 다 첨먹어봤더라규여 ㅋㅋㅋㅋㅋㅋㅋ 다들 특이한 식감에 눈이 띠용!!! 석류벤지에이드 색 존예~!!!! 밀크티도 존맛!!!!!!!!!! 이렇게 모아놓으니 아쥬 이쁘네여~ 넘후예뿌네효~ 넘 이뻐서 계속 사진찍었어요 ! ㅋㅋ 분위기도 넘 좋고 수다떨기도 너무 좋아서 나중에 또 방문할거에요!!! #연남동카페추천 #연남동커피 #연남카페 음 식감은 머랭도 아니고 크림도 아니고 빵도 아니고 처음 먹어보는 식감!! 신기했어요 궁금하시면 한번 시켜서 드셔보세용 ㅎㅎㅎ 딸기도 제철이라 넘 달고 맛잇엇어용 근데 저희빼고 다들 딸기 파블로바를 먹고 있떠라구여 ㅋㅋㅋㅋㅋㅋㅋ 다음에 오면 꼭 #딸기파블로바 를 시킬거야!!! 이상 후기는 마치겠씁니다~~~!~!"
[서울/연남] 연남동의 힙한 분위기! 라프하우스(RAFHOUSE),연남동거리를 걷다 오! 저기는 뭐야! 2층에 위치한 라프하우스로 갔어요 라프하우스 매일 12:00-21:00 매장이 힙한 분위기로 꾸며져있더라고요~ 다양하게 가구와 배치로 색다른 느낌을 주는! 라프하우스 메뉴 청귤에이드 자몽블랙티 머랭롤라드 주문! 라프커피 오렌지비엔나는 특별해보였는데 저녁시간이라 커피가 아닌 차를 마셨답니다 다음에는 오렌지비엔나 먹어보고 싶어요! 나온 메뉴들을 보자마자 정성스럽다는 느낌이 들더라고요 잔과 플레이팅이 너무 맘에 들었어요~ 접시도 취향저격~ 메뉴들 또한 너무 맛있고! 머랭롤라드 처음 먹어봤는데 티랑 너무 잘 어울렸어요~ 연남동에 카페가 더 많이 생겨서 너무 좋아요! 카페탐방은 너무 재밌으니까요 힣힣~
연남동 카페 분위기 힙한 라프하우스 🌊,"라프하우스 주소 : 서울 마포구 동교로32길 10 2층 라프하우스 영업시간 : 11:00 - 22:00 주차 불가능 간만에 일을 끝나고 나의 오랜 친구를 만나는 시간을 가졌다. 친구는 김포에서 나는 동작에서 일이 끝나느라 적당히 중간거리를 찾다가 홍대에서 맛집과 예쁘고 감성적인 카페가 있다는 소문을 듣고 바로 찾아가게 되었다. 🥰 ☕ #연남동거리 를 걷다가 우연히 지나치면서 발견했던 곳인데 크기가 크지않은 3~4 테이블 정도가 위치해서 밖에서 웨이팅을 해야하는 아쉬움이 있지만 그만큼 ! 기다렸던 만큼 맛있는 파스타를 맛볼 수 있어서 만족이 컸었다. 🥰 그리고 그 식당에서 조금 걷고 홍대입구역에서도 5분정도 되는 거리에 드디어 우리가 목표했던 #라프하우스 가 위치해 있었다. 배도 땅땅하게 채웠겠다 ㅎㅎ 이제 필요한건 분위기 좋은 카페🤭 라프하우스는 위치해 있는 건물 2층에 있었다. 올라가는 길은 정문이 아니라 바로 건물 옆면에 붙어있는 계단을 통해서 가면 되니까, 길을 헤매지 않고 올라올 수 있기를! 연남동 카페로 올라가는 길에는 라프만의 특별한 감성이 녹아들어있는 그래피티와 포스트가 붙어있었다. 계단에서부터 보이는 로우한 느낌의 계단도 좋고 직관적인 느낌이 좋았다. 😌 밖에 날씨가 점점 추워져서 안에 들어오자마자 느껴지는 온기에 일단 몸이 녹는 느낌이 들었던 기억이 난다. 더불어 거대선인장과 다양한 그림들. 벽에 걸려 있지 않고 바닥에 놓여진 자체로 감성적인 인테리어 감각. 연남동 카페 내부에는 날 것의 느낌에 더해서 우리 주변에서 볼 수 있는 소품같았지만, 배치를 조금 이색적으로 하는 것만으로 굉장히 감각적인 분위기를 자아내는 듯 했다. 😇 안 쪽에 자리를 잡고나서 시그니처 음료를 마실지 일반적인 아메리카노 음료를 마실지 고민하다가 그래도 이왕이면 오랜만에 연남동 거리로 데이트 온 기념으로 새로운 메뉴를 마셔보기로 했다. 😙 홍대카페 내부에 여러가지 아이템이 풍부해서 볼 것이 많았지만, 그 중에서 또 특히 눈에 띄었던 것이 바로 귀엽게 웃고 있던 꽃인형! ㅋㅋㅋ 최근에 다이소에서 구매했었는데 너무 귀여워서 찰칵 📷 나는 연남동 시그니처 라프라떼를 주문하고 친구는 아메리카노 그리고 카운터에서 우리를 유혹하던 디저트 하나를 주문했다. 😊 그리고 바로 셀카존에서 미친듯이 카페 설정샷 모드 ! 라떼는 굉장히 부드러운 연유라떼 같은 느낌이나는 달콤한 맛이 났다. 너무 달콤해서 행복이 흘러넘치는 맛이라고나 할까.. 🥰 물론 그에 비하는 달콤한 분위기의 이야기는 아니었지만? 어느정도 친구의 슬픔도 중화되길 바라며.. 내가 엄청난 양의 빵을 소비하는 빵순이 동동이기는 한데, 이런 생크림이 들어간 생크림의 크로아상은 참을 수가 없었다. 심지어 생과일이 싱싱하게 올라가 있으니 부드러운 빵의 식감이 더 살아났달까! 🥰 흑흑.. 살찌느라 그동안 맛있는 음식을 그래도 조금씩 참아왔는데 이 날은 파스타에 달달한 커피에, 디저트까지.. 라프하우스에서 식욕을 폭발시켜버렸다.🥲 오마이갓 즐거운 친구와의 데이트를 마치고 계속해서 엑셀을 밟던 도중 예쁜 야경도 찰칵 🐈‍⬛ 간만에 보낸 데이트 시간인데, 많은 힘듦을 잘 이겨냈으면 하는 마음이 잘 전해졌기를! 밤이 지나면 다시 해가 뜨는 것처럼! https://www.instagram.com/rafhouse_seoul 라프하우스 (@rafhouse_seoul) • Instagram photos and videos 499 Followers, 2 Following, 51 Posts - See Instagram photos and videos from 라프하우스 (@rafhouse_seoul) www.instagram.com 라프하우스 서울특별시 마포구 동교로32길 10 2층 라프하우스"
"[서울/연남동]연남동 카페 ""라프하우스 raphouse"" - 파블로바 맛집이라는데 아아만 마신 후기","연남동 놀러가면 대부분 '어디 카페를 가야겠다!' 정해놓고 가는 스타일인데 이날은 정말 아무 계획도 없이 방문했어요. 이미 디저트는 산 상황이고 뭔가 맛있는 커피가 마시고 싶어서 걸어다니다가 찾은 카페! 라프하우스 서울특별시 마포구 동교로32길 10 2층 라프하우스 #라프하우스위치 는 여깁니다~ 라프하우스 raphouse 연남동 카페 추천 #라프하우스 는 여기~ 저희 커플은 연남동 메인거리 들어와서 늘 걷는 코스가 있는데요, 이날은 좀 다른 방식으로 가보자는 생각에 어떤 한 골목으로 빠졌어요. 그런데 이런 카페가 보이지 뭡니까? 디저트에 집중하지 않고 너무 사람이 많지도 않으면서 동시에 분위기까지 좋은 카페(너무 어렵지만 사실, 다들 제가 뭘 원하는지 아시겠죠?ㅋㅋㅋㅋㅋ)를 찾던 저희의 레이더망에 딱 걸렸습니다! 근데 아무도 없던 카페에 저희가 오니까 뒤로 손님들이 줄지어서 들어오는 현상... 저만 경험한 거 아니죠? 마치 피리부는 사나이가 된 것 같은 기분... 저희가 카페에 손님 많아지게 하고서 떠났습니다! 뿌듯- 라프하우스 영업시간 https://www.instagram.com/rafhouse_seoul/ 라프하우스(@rafhouse_seoul) • Instagram 사진 및 동영상 팔로워 498명, 팔로잉 2명, 게시물 45개 - 라프하우스(@rafhouse_seoul)님의 Instagram 사진 및 동영상 보기 www.instagram.com 더 정확한 정보는 #라프하우스인스타그램 을 참고하세요! (완전 친절하게 인스타그램까지 찾아온 내 자신, 칭찬해~) 라프하우스 들어서면 이런 풍경이 펼쳐집니다~ 딱 들어오자마자 느낀 첫인상은 '잘 골랐네'라는 거? 제 취향인 아기자기하고 우드&화이트 컨셉의 인테리어는 아니더라도 ""라프하우스""만의 컨셉이 뚜렷하고 감각적인 분위기랍니다 :) 곳곳에 귀여운 또는 이색적인 소품들이 있어서 구경하는 재미도 있어요. 그리고 한쪽 벽면이 통유리창으로 되어있어서 답답한 느낌이 전혀 없어요~ 물론 사장님도 넘나 친절하십니다 ^_^ 연남동 카페 많고 커피 맛집들도 많고 디저트 맛집들도 많은데 사장님이 불친절하시다면? 바로 손절 아니겠습니까? 저는 불친절하다는 걸 느낀다면 계산하려다가도 바로 카드 집어넣고 나갈 것 같아요. 다행히 아직 그정도의 사장님들은 만나본 적이 없지만요. 쨌든 ""라프하우스"" 사장님들 친절하세요~ 라프하우스 메뉴 라프하우스 가격 아메리카노 가격은... 요새 다 5000원으로 통일했습니까....? 날이 갈수록 비싸지는 가격에 도리도리... 쨌든 1인 1음료 주문 필수입니다. 아, #라프하우스디저트 로는 파블로바가 있는데요, 여기가 또 #연남동파블로바맛집 으로 유명하다고 하더라구요? 실제로 제가 갔을 때 주문하신 분들이 계셔서 흘깃- 하고 비주얼을 봤는데 비주얼이 넘나 이쁘고 먹음직스러워보이더라구요~ 파블로바 관심있으신 분들은 들러보세요~ 그리고 라프하우스 굿즈(?)로 스티커도 있습니다. 관심있으신 분들은 맘껏 가져가세요~ 저희는 창가자리에 앉았기 때문에 지나가는 사람들을 보며 수다를 떨 수 있다는 것도 장점~ 아, 진동벨 방식이 아니고 사장님께서 직접 자리까지 가져다 주세요. 근데 코스터 너무 귀엽지 않나요? 여기는 뭔가 코스터도 감각적인 걸로 나올 거라 생각했는데 아기자기한 뜨개질 코스터가 나오니까 급 귀여움... 커피맛은 무난무난했습니다! 디저트카페들 커피, 맹맹하기만 하고 맛없는 경우도 많은데 여긴 그렇지는 않았어요! 그냥 기분 좋게 마시면서 분위기 즐기기 좋은 카페였답니다 :) 연남동 카페 찾으신다면 #라프하우스추천 드려요!"
연남동디저트카페 라프하우스 힙한 인테리어 분위기 맛집,"연남동디저트카페 라프하우스 힙한 인테리어 분위기 맛집 ⓒ 동몽 안녕하세요 동몽입니다 ~ 연남동디저트카페 라프하우스에 다녀왔어요 예전에 간 적 있는데 괜찮았어서 친한언니와 한번 더 방문 ! 근데 언니가 카페 로고가 되게 스테이크하우스같다고 해서 뒤늦게 보니까 공감ㅋㅋㅋ 연남동디저트카페 라프하우스 힙한 인테리어 분위기 맛집 암튼 하지만 내부는 매우 힙하다는 것! 이게 바로 요즘 유행하는 모던미드센츄리 스타일...? 나혼자산다보고 저도 이 느낌 이름이 뭔지 알게됨ㅋㅋㅋㅋ 여기저기가 모두 포토존 느낌 거울도 있구 2층에 통유리창 뷰여서 되게 좋아요 밖에 구경하기에도 좋고 ㅎㅎ 자리도 편하고 의자도 편하고 연남동디저트카페 라프하우스의 메뉴판! 사실 파블로바 케이크로 되게 유명한데 저번에 와서 먹었는데 되게 맛있었거든요! 대표님이 쉐프 출신이셔서 다 수제로 만들고 퀄리티 비쥬얼도 bbb 스티커도 있으니 원하시면 챙겨가세요 ~ 연남동디저트카페 라프하우스 힙한 인테리어 분위기 맛집 아이스 아메리카노 2잔 그리고 생크림 크로와상 생크림 크로와상은 이번에 새로 추가된 것 같아요! 외에도 까눌레, 다쿠아즈, 말렌카 케이크 등 더 디저트 다양하니까 참고하세요 :) 저희는 소파 자리에 앉았는데 너무 편하고 좋았어요 사장님도 역시 너무 친절하심 bbb 언니랑 저는 둘 다 아이스 아메리카노 마셨느데 진하면서 고소해서 되게 맛있고 좋더라고요?! 금방 호로록 다 마셔버림 ㅎㅎ 비쥬얼도 너무 예쁜 크로와상 ㅠㅠㅠㅠㅠ 크림 위에 과일로 데코되어있어요 아늑하면서 맛있는 커피, 디저트와 넘나 즐거운 시간 데이트하기에도 대화하기에도 너무 좋았어요 연남동디저트카페 라프하우스 힙한 인테리어 분위기 맛집 포크와 나이프로 열심히 잘라서 디저트 먹어보깅 겉으로 보기에는 그냥 크로와상인줄 알았는데 안에도 크림과 과일이 있더라고요!!! 더 가까이 요렇게 딸기, 블루베리 등 언니랑 벌써 딸기가 나오는 계절이 다가왔냐며.. 디저트도 맛도 훌륭한 연남동 예쁜카페 라프하우스 전 무려 두번이나 방문한 맛집! 여러분들도 꼭 가보세요 특히 위에 제가 선택한 크루아상도 좋고 저번에 파블로바 케이크도 진짜 맛있게 친구랑 먹었거든요 뭘 먹든 성공 보장 ! 인스타그램도 구경해보세요 ㅎㅎㅎ 라프하우스(@rafhouse_seoul) • Instagram 사진 및 동영상 팔로워 494명, 팔로잉 2명, 게시물 55개 - 라프하우스(@rafhouse_seoul)님의 Instagram 사진 및 동영상 보기 www.instagram.com 라프하우스 서울특별시 마포구 동교로32길 10 2층 라프하우스 연남동 감성카페 라프하우스 주소 : 서울 마포구 동교로32길 10 2층 전화번호 : 0507-1389-7353 영업시간 : 11:00 - 21:00 금토 22시 마감"
연남동 카페 추천 미라지커피와 라프하우스 맛좋은 커피 즐기기,"안녕하세요! 엠엠이예요~ 저번주는 우연하게도 연남동에서 약속이 연속으로 있었어요. 카페 2곳을 방문했는데 같이 추천해드리려고해요>_< 같이 보시죠!! 미라지커피 영업시간 : 12:00~23:00 미라지커피 서울특별시 마포구 동교로 262-6 2층 202호 이자카야 동꾼을 가기전에 시간이 조금 떠서 친구와 카페에 가기로 했어요. 원래는 뒤에 소개해드릴 라프하우스를 가려고했는데 하필 휴무. 그래서 벼르고벼르던 클로이인패리스를 가려고했지만 평일인데도 웨이팅이 있더라구요 ^^... 제빨리 서칭해서 가장 가까웠던 미라지커피를 방문했어요! 미라지커피는 2층과 3층에 있는데 우선 주문은 2층에서 해야해요! 미라지커피 내부는 아늑한 느낌으로 아기자기하게 잘 꾸며져 있었어요(୨୧ •͈ᴗ•͈) 지금보니 빈티지한 느낌이 많이 나네요~ 크리스마스가 다가와서 미니 트리도 꾸며두시고 향초도 여기저기 있더라구요. 2층 내부는 넓지는 않고 테이블이 4개였어요. 미라지커피는 의자가 전부 앉기 편한 의자여서 좋았어요! 요즘 불편한 테이블과 의자가있는 카페가 많은데 폭신폭신해서 좋더라구요~ 처음에는 히터가 좀 덥게 느껴져서 창가에 앉았는데 바람이 너무 불어서 추웠어요.. 결국 사장님께 창문 좀 닫아 달라했는데 친절하게 닫아 주셨어요! 그러고 옆쪽에 담요도 준비되어 있어서 그것까지 덮으니 포근하고 좋더라구요*+:꒰◍•ᴗ•◍꒱:+* 3층을 올라서서 왼쪽에도 다른 자리들이 있어요. 오른쪽은 다른 식당이니깐 꼭꼭 왼쪽으로 들어가세요! 3층은 우드톤 인테리어로 2층보다는 조금 더 깔끔한 느낌이예요. 3층은 테이블 5개정도고 마찬가지로 앉아있기 편한 의자들이예요! 화장실은 3층에 위치해있고, 사진은 화장실 앞에 있는 거울인데 거울만 보면 참지못하고 남기는 거울샷을 남기게되네요ㅎㅎ 거울앞을 예쁘게 잘 꾸며두셔서 사진 찍을 맛 나네요 >0<!! 주문메뉴 하와이언라떼 6,500원 버터스카치커피 7,000원 주문한 커피는 진동벨을 주셨는데도 자리로 가져다 주셨어요. 어떤게 하와이안커피인지 버터스카치커피인지 구별이 안갔는데 하와이안커피에는 이렇게 포스트잇으로 표시해주셨어요. 너무 귀엽지 않나요? 버터스카치커피는 스카치캔디 맛이 살짝 나면서도 많이 달지 않아서 좋았어요~ 찐한 커피맛에 부드러운 버터스카치맛이 끝에 은은하게 돌았어요. 하와이안커피는 파인애플 맛인가? 싶었는데 코코넛 베이스의 커피예요. 베트남 코코넛 커피 맛을 상상했는데 생각보다 코코넛 맛은 아주 찐하게 느껴지는데 많이 안달아서 신기하고 좋았어요. 요즘 카페 커피들이 달달한게 많은데 미자지커피는 무작정 달지 않아서 좋더라구요!(='▼'=) 커피의 쌉쌀한 맛이 잘 느껴져서 좋았어요. 친구와 오랫만에 만나서 수다 떨면서 마셨더니 시간이 잘 가더라구요. 연남동에서 친구와 신나게 수다를 떨고 싶으시다면 미라지커피 추천드려요(๑´>᎑<)~ 그러고 다른 손님이 주문한 크로플 냄새가 미쳤어요...! 여기가 연남동 크로플 맛집으로 유명하다고 들었는데 곧 이자카야를 갈꺼여서 주문은 못했는데 다음에 오면 크로플 꼭 먹어보려구요(*˙˘˙)♡ 라프하우스 영업시간 : 평일_12:00~21:00 / 토요일_11:00~22:00 / 일요일_11:00~21:00 라프하우스 서울특별시 마포구 동교로32길 10 2층 라프하우스 그러고 그 다음날 또 다른 친구과 연남동에서 약속이 있었어요. 어느 카페를 갈까하다가 전날 못갔던 라프하우스를 가보기로 했어요! 간판이 약간 맥주집 같은 느낌이예요 ㅎㅎㅎ 카페는 2층에 있는데 올라가는 계단부터 연남동 카페답게 힙한 느낌이 많이 나더라구요. 가게 문앞에는 대기석이 있었어요! 만약 대기가 있다면 이용시간이 2시간으로 제한되니 참고해주세요~ 창가자리는 분위기가 꽤 좋아보였어요. 크리스마스 느낌도 낭낭하고~ 하지만 저는 3명이여서 여기는 앉을 수 없더라구요ㅠㅠ 2인 전용석입니다. 제가 앉은 자리는 요기! 저까지 2명이였는데 앉을자리가 여기 뿐이더라구요~ 만약 다른데 자리가 있으면 2인석을 붙여주시는 것 같아요. 한켠에 힙한 자리! 투명한 의자들 너무 마음에 드네요...? 예전부터 살까말까했던 의잔데.. 크리스마스가 가까워져서인지 소품들이 많았어요. 아기자기 귀엽네요(˘･ᴗ･˘) 벌써 크리스마스가 다음주라니.. 올 한해도 다 갔다고 생각하니 조금 슬프네요ㅠㅠ 주문메뉴 라프라떼(오렌지라떼) 6,500원 카페라떼 5,500원 말렌카케이크 시나몬 : 7,000원 라프하우스는 커피와 디저트는 주문하면 직접 자리로 가져다 주시더라구요. 나오는데는 시간이 조금 걸렸어요..! 컵과 그릇이 예쁘더라구요. 제가 식기류에 은근 욕심이 많은 편이라 그런지 너무 탐났어요(๑˃̵ᴗ˂̵)و (요리는 안하는데 그릇 욕심만 많습니다..하하) 라떼는 양도 적지 않고 고소하면서 탄맛도 없는게 아주 좋았어요! 요 근래 마신 라떼 중에 손에 꼽힐정도로 맛있더라구요~ 힙한 카페느낌과는 다르게 디저트와 커피는 따뜻한 느낌이 들더라구요! 맘편해지는 색감이랄까요?(*☌ᴗ☌)｡*ﾟ 친구가 시켰던 라프라떼예요. 비주얼을 보시면 알겠지만 일명 오렌지라떼! 아이스로만 주문 가능하더라구요~ 오렌지 맛이 생각보다 강하게나서 상큼하면서도 달달한 크림이 부드럽게 감싸주더라구요. 양이 조금 아쉬워 보였지만 친구가 정말 맛있게 마셨어요~ 디저트는 파블로바와 말렌카케이크가 시그니처인것 같던데 저희는 말렌카케이크를 주문해봤어요! 맛은 초코와 시나몬 중에 선택 가능한데 저는 시나몬으로 픽했어요. 얼마전에 집앞 나폴레옹에서 말렌카케이크를 너무 맛있게 먹어서 기대했는데 살짝 기대에는 못미치는 맛이였어요. 기대를 너무해서 그랬던거지 맛은 커피랑 잘어울리는 맛이여서 나쁘지는 않았답니다(૭ ᐕ)૭ 향긋한 시나몬 향이 솔솔나면서 달달하고 꾸덕한 느낌이 있어서 좋았어요. 라프하우스는 힙한 분위기도 있고 디저트 메뉴들이 너무 예뻐서 인기가 더더 많아질 것 같은 카페였어요. 연남동에서 예쁜 디저트와 맛있는 커피를 파는 카페를 찾고 계신다면 라프하우스 추천드려요"
연남동 감성 디저트 카페 :: 라프하우스(RAFHOUSE),"오랜만에 연남동 갔다가 발견한 예쁜 카페 #라프하우스 밥 먹고 돌아다니다가 특이한 건물이 있길래 뭐지? 하고 보니까 2층에 카페가 있더라구요. 그래서 엇! 여기 한 번 가보자 하고 얼른 총총 2층에 있어서 계단으로 올라가는 데 벽면도 이렇게 예쁘게 칠해뒀더라구요. 이날 일행들이 다들 식사 전이라 우리 한 번 다 시켜보자고ㅋㅋㅋㅋ 그래서 1인 1커피에 파블로바케이크, 다쿠아즈, 에끌레어 등등 여러가지 시켜봤습니당 계산대에 갓 구워진 까눌레도 너무 맛있어 보이죠? 음료랑 디저트가 나오기 전까지 카페 내부 구경하는 재미도 쏠쏠했어요. 조명과 장식들이 하나하나 다 예쁘더라구요ㅠㅠㅠㅠ 조명이 마음에 들어 사장님께 여쭤보니 하나하나 다 직접 직구하신 제품들이라고 합니당 윗줄 왼쪽부터 아이스아메리카노, 흑임자 다쿠아즈, 청귤에드입니당 아랫줄은 파블로바케이크(왼쪽), 에끌레어플레이트에요- 처음에 디저트 나오자마자 일행들 다 대박이라며 이건 찍어야한다고!!! ㅋㅋㅋㅋ 그만큼 실제로 보면 엄청 예쁘고, 너무 달지 않아 어른들이 먹기에도 부담없어 더 좋았어요. 디저트마다 접시가 다 다른 것도 사장님이 하나하나 엄청 고심하셨다고 하시더라구요. 그래서 그런지 진짜 먹기 아까울 정도8_8 혹시라도 디저트 이름 보고 뭐가 좋을까 고민 되시면 사장님이나 사모님께 여쭤보면 하나하나 친절히 설명해 주시니까 여쭤보고 주문하셔도 좋을 것 같습니당 ------ 라프하우스 서울특별시 마포구 동교로32길 10 2층 라프하우스 #연남동카페 #연남동디저트 #연남동맛집 #연남동데이트 #홍대카페 #홍대디저트카페"
"친구랑 연남동 데이트 (솔솥, 라프하우스, 소품샵, 태리로제떡볶이)","도대체 매번 어디서 이런 장소들을 알아오는 거니? 저나 남자친구는 매번 어디갈까 싶으면 계속 검색하고 검색하고.... 그렇게 해서 찾아가면 맘에 안들때도 있고 문이 닫혀있는 경우도 많은데 (희한하게 남자친구랑 검색해서 가면 휴무인 경우가 빈번;;) 이 친구는 어디서 매번 이런 데이트 장소들을 구해오는 건지 모르겠네요ㅋㅋㅋㅋ 완전 인스타 갬성갬성한 장소들을 무슨 툭 치면 나오는 자판기 수준이에요ㅋㅋㅋㅋㅋ 벌써 3주째 가고 있는 홍대.... 홍대가 이렇게 가까운 동네였던 가요....? (저희 집에서 전철로 편도 40분, 45분 정도) 이날의 방문목적이었던 솔솥의 <와규솥밥> https://m.blog.naver.com/jjbins426/222502821382 솥밥맛집::솔솥(홍대, 연남동맛집 | 솥솥인줄 알았는데) 요즘 잘 놀러다니네요ㅎㅎ 이 친구는 매번 어떻게 그렇게 맛집들을 알아오는 건지 모르겠어요😆🤣 오늘... m.blog.naver.com 무척 맛있었습니다만, 저도 집에서 이 정도 맛은 충분히 낼 수 있었기 때문에.... (믿거나 말거나) 그 웨이팅을 기다려서 먹지는 않을 것 같다는 생각이랄까요. 웨이팅이 정말 너무 길어요. 정말 너어어어어무우우우우 길어요! 오픈시간보다 10분정도 일찍 도착했는데 이미 열댓명은 대기를 하고 있는 상태였구요. 제 뒤로도 계속 계속 그만큼의 사람들이 오구요. 친구랑 기다리면서 이 집은 이렇게 장사가 되면 코로나 타격이 전혀 없겠다 얘기했더라죠. 근데 이 주변 음식점들이 거진 대부분 웨이팅이 있더라구요. 맛집들이 많은 듯 합니다. 나오는 길에 받은 요구르트도 한잔- 밥을 먹었으면 커피를 마셔야죠! (이제 커피맛 좀 알게된 1인) 원래는 홍대 나온 김에 파블로바가 먹고 싶어서 토라비를 갈까 했었는데요. 음... 제 기준 토라비 커피가 아주 맛있는 건 아니라서 다른 카페를 가보기로 했답니다. 매번 가서 다른데를 가보고 싶기도 했구요. 그래서 방문하게된 <라프하우스> 입니다! https://m.blog.naver.com/jjbins426/222503362708 연남동카페::라프하우스 (감각적인 인테리어, 파블로바, 코코넛라떼) 벌써 3주째 홍대행입니다. 어쩌다 이렇게 되었지..?ㅋㅋㅋ https://m.blog.naver.com/jjbins426/2225033417... m.blog.naver.com 인테리어가 아주 그냥 다 감각적입니다! 그냥 아무데나 막 찍어도 다 인스타 감성샷-! 이곳도 파블로바를 판매하셔서 <포도 파블로바>를 주문했는데요. 으음.... 플레이팅은 굉장히 예쁩니다. 그냥 막 찍어도 예뻐요. 그런데 이건... 제가 아는 파블로바 맛이 아닌데요...ㅠㅠ 친구한테 파블로바가 그렇게 맛있다고 한번도 먹어본 적 없는 식감이라고 했는데... 이건 제가 생각했던 파블로바 맛이 아닙니다ㅠㅠ 이건 그냥 머랭을 크게 만든 맛이에요... 심지어 저는 달걀 비린내도 느껴지더라구요. 먹는내내 계속 ""이건 진짜 파블로바 맛이 아니야. 너는 오늘 파블로바를 먹은게 아니야."" 그랬다는.... 앞으로 파블로바 먹고 싶으면 꼭꼭 <토라비> 로 방문하는 걸로.... https://m.blog.naver.com/jjbins426/222487106167 파블로바 카페::토라비 (홍대카페, 홍대파블로바) 이곳은 대학친구가 처음 알려주면서 가보게 된 카페입니다. 저는 여기서 파블로바를 처음 먹어보게 되었는... m.blog.naver.com 같이 시킨 코코넛라떼는 맛있었습니다! 베트남에서 먹었던 콩커피를 생각하고 시키긴 했는데 전혀 다른 맛입니다만, 어쩐지 커피가 걸쭉하고 적당히 달달하면서 맛있더라구요! (앞으로 여기 가면 커피만 마시는 걸로) 이 친구는 인테리어 이런 데에도 관심이 참 많은데요. 요즘 그래서 곧 독립할 제 집 인테리어가 저희 대화 주제의 핫이슈입니다ㅋㅋㅋㅋ 전 제가 미적감각이 높은 사람인 줄 알았거든요... 실제로 어렸을 땐 그림도 곧잘 그렸고 미술을 전공할 생각도 했었습니다. 그런데... 이런 인테리어나 디자인? 이런 쪽으로는 젬병인 것 같아요... 요즘 유튜브 찍는다고 썸네일도 만들고 영상 편집도 하고 하는데 어딘가 모르게 자꾸 촌스럽게 느껴진달까요...?ㅋㅋㅋㅋ 촌스러운 줄은 아는데 왜 촌스러운지를 모르겠습니다ㅋㅋㅋㅋ https://youtube.com/channel/UCyPlyiw4jYAqZ3PlKxN4gqw 파이어족 우콩(Fire Fire WooBin😊) ""돈 많은 백수가 되고 싶지 않아?"" 경제적 자유를 누리는 파이어족이 되기 위해 열심히 투자하고 공부하는 재린이입니다. 함께 현실 고민 나누고, 재테크 고민 나눠요! 제가 하는 구체적인 투자 내역이 궁금하시다면 블로그로 방문해주세요:) https://blog.naver.com/jjbins426 youtube.com 제 유튜브가 촌스러운지 아닌지가 궁금하시다면 이쪽으로...😊 인테리어도... 제 방에 진짜 아무것도 없거든요. 현재 제 방에는 침대와 선반, 전신거울이 다입니다. 그런데 왜 방이 이렇게 촌스럽게 보이는 것인지...ㅋㅋㅋㅋㅋ 색조합을 잘 못하는 걸까나요? 친구랑 카페에서 얘기하면서 나도 이렇게 감각적으로도 꾸며보고 싶은데 내가 하면 난잡해질거야.... 그런 얘기를 했더라죠ㅋㅋㅋㅋㅋ 포스터를 어떻게 붙일까, 액자를 어떻게 달까 그런 이야기를 하다가 급 소품샵을 가기로 했습니다! 아, 저는 진짜 이거 징크스예요. 남자친구랑도 어디 가볼까 싶어서 검색해서 가면 항상 문닫았던데... 이곳 <미니도넛> 소품샵도 하필 문을 닫았더라구요... <미니도넛>은 공사중이랍니다 여러분! 오는 길에 포스터도 보구요. 제 친구 중에 아이돌을 엄청 좋아하는 친구가 있는데 맨날 영훈이, 영훈이 하는 친구가 있다는... 저 친구는 누군가 하고 검색했더니 아, 그 영훈이라는 분이 속해있는 더보이즈의 멤버네요. 사진찍어 보내주니 바로 알더라구요. 가려던 소품샵이 문을 닫아서 이리저리 돌아다니고... 보이는 소품샵이 있으면 들어가서 구경도 하구요. 제가 뱃지 모으는 걸 참 좋아하는데 또 뱃지를 구매하구요ㅋㅋㅋㅋ 한동안 그래서 트위터 공구로 뱃지 열심히 모았었는데... 이사가면 뱃지 전시판 구매해서 제 집에 전시할 겁니다ㅋㅋㅋㅋ 나중에 집들이 포스팅 올리면 보여드릴께요! 이렇게 소품샵 투어도 하고 집에 오려는데 ""넌 우리 집에 오는 걸 왜 그렇게 좋아하니ㅋㅋㅋㅋ"" 제 친구가 자꾸 저희 집에 오고 싶다고 하더라구요. 저나 부모님이나 청소, 정리정돈은 정말 꽝이라서... 집도 난장판이고 너저분한데 말이죠. 저희 집에 진짜 한 1년? 만에 데리고 온 것 같은데 와서 떡볶이도 시켜먹구요ㅎㅎ <태리로제떡볶이> 라는 곳인데 요즘 떡볶이 집이 정말 많네요! 저희는 투움바 떡볶이를 시켰는데요. 떡볶이가 적당히 매콤하면서 느끼하고 아주 맛있더라구요ㅋㅋㅋㅋ 집에서 먹는 거라서 주먹밥은 따로 주문을 안하구요. 제가 간단하게 후딱 만들어 주었습니다ㅎㅎ 밥이랑 참치랑 마요네즈만 있으면 후딱 만들죠ㅎㅎ 참치마요 주먹밥입니다! 떡볶이랑 먹을 거라서 마요네즈 이외에 간은 전혀 하지 않았구요. 참기름과 다진마늘, 깨를 넣고 만들었습니다ㅎㅎ 떡볶이랑 먹으니 아주 맛나더라구요ㅎㅎ 이날 친구랑 홍대에서 종일 돌아다니고 집에도 오고, 떡볶이까지 먹고 너무 배부르다고 집 앞에 개천에서 한 3, 40분 산책하고 밤이 되어서야 헤어졌답니다. 아주 하루종일 붙어있었네요:) 엄블리씨랑은 언제 데이트 하나~ #친구랑데이트 #친구데이트 #여자친구랑 #홍대데이트 #홍대소품샵 #연남동데이트 #솔솥 #솔솥솥밥 #연남동솔솥 #테리로제떡볶이 #테리로제투움바떡볶이 #떡볶이주먹밥 #참치마요주먹밥 #홍대연남동 #연남동소품샵 #라프하우스 #파블로바 #홍대파블로바 #연남동파블로바 #연남동웨이팅 #솔솥주말웨이팅 #와규솥밥"
[홍대 연남동 카페] 체코 전통 이색 디저트 <라프하우스>,오늘 트위터 인기 실트를 장악한 #날씨너무 #하늘너무 이런 날 밖에 나가지 않는 건 죄악이라 느껴질 만큼 흔치않은 천상의 서울 날씨였습니다! 지하철 한강뷰 인생뷰🌞🌞 구름과 하늘이 너무 예쁜 날~ 주섬주섬 옷 챙겨입고 나선 서울 나들이 목적지는 바로 핫플 오브 핫플! 연남동 😄 주택가에 자리한 아담하고 조용한 카페에 다녀왔어요^^ 라프하우스 영업시간 일~목 11:00 - 21:00 금~토 11:00 - 22:00 미적 감각이 느껴지는 트렌디한 공간! 그리고 테이블마다 분위기가 제각각 달라서 매번 올 때마다 새로운 느낌을 가질 수 있을 듯 해요 사장님께서는 꽃을 좋아하시나보더라구요 처음에는 테이블이 비어있었는데 잠시 후 테이블마다 직접 꽂은 생화를 가져다 놓으시더라구요 날씨도 대박인데 화사한 꽃까지 보았더니 긍정의 기운 샘솟음! ㅎㅎ 세련된 내부 분위기와 달리 창밖 전경은 정겨운 주택가~ 몇년 전만해도 이곳과 비슷한 동네에 살아서 넘나 아련하기도 하고 추억 돋았어요 층간 소음도 모르던 시절~ ㅎㅎ 푸르른 하늘도 올려다보며 감상에 빠지기도 하고~ 아래로는 지나가는 사람들 구경하는게 올만에 참 재미났던! ㅎㅎ 잔잔한 일상이 스며들어있는 카페였어요 미세먼지 제로에 가까운 이런 날이야말로 무작정 걷기 좋은날 아니겠냐며 의욕은 충만했지만 그러기엔 마스크가 땀에 쩔을만큼 너무 더웠다죵.. 아이스를 달라~ 당을 달라~! ㅎㅎ 와 근데 라프하우스 에어컨 너무 빵빵해서 따순 커피 주문했어도 좋았겠어요 나중엔 추워서 ㄷㄷㄷ😨 더운 날엔 연남동 라프하우스로 카페인 사냥 고고! #아이스라떼 #석류팬지에이드 보기만 해도 체감온도 내려가는 기분! 근데 음료는 청량감 넘치는데 티코스터는 따숩네? ㅎㅎ 핑크핑크했던 석류의 은은한 색에서 보랏빛 팬지 시럽이 서서히 내려앉으며 신비하고 몽환적인 그라데이션으로 바뀌죠 마치 두가지 음료를 먹는 듯 했어요 라떼도 정말 꼬숩고 부드러웠어요💕 #말렌카케이크 체코 전통 디저트인 말렌카케이크는 초코 or 레몬 중에서 택할 수 있어요 우리는 상큼한 레몬🍋 비주얼은 뭔가 크레이프 같아보이기도 하고 떡같아 보이기도 하고 식감은 바삭할 줄 알았는데 쫀득한 식감이 이색적이었어요 단맛의 원천인 꿀이 주재료라 더욱 찐득한 느낌~ 엄청나게 달달구리해서 의외의 당충전까지 할 수 있었답니다👏👏 쫀득한 시트 사이마다 달달하고 부드러운 크림이 아주 조화로웠던 이색 케이크였어요 강추강추❤ 연남 거리 거닐다 조용하게 쉬고 갈만한 커피&디저트 맛집 #라프하우스 시원달달한 티타임 가져보세요😄 라프하우스 서울특별시 마포구 동교로32길 10 2층 라프하우스
연남동카페 라프하우스 전시 보는맛도 있고 힙하고 갬성적인,"삼냥한별이예요~!! 항상 카페는 사랑이죠❤️❤️ 깔끔하고 갬성적인곳 가고 싶어서 바로 들어왔어요~!! 라프하우스 라프하우스 서울특별시 마포구 동교로32길 10 2층 라프하우스 홍대입구역 3번 출구에서 쭈욱 직진 하시다가 사거리처럼 도로에서 오른쪽 골목으로 들어오시면 되세요 ㅎㅎ 2층에 라프하우스 있어요 ㅎㅎ!! 표지판 처럼 이쁘게 밑에서 두번째 라프하우스 보이네요 ㅎㅎ!! 계단 올라가겠습니다 ㅎㅎ!! 2층 도착이요 ㅎㅎ!! 라프하우스 들어가겠습니다 😆😆 들어오자마자 겁나 심플한 카페인게 확 느껴져요 ㅎㅎ!! 깔끔깔끔해요 ㅎㅎ!! 중간중간 인테리어 대박 ㅋㅋㅋ 라프하우스 메뉴판이예요 ㅎㅎ!! 저희는 아이스아메리카노랑 핑크티와 다쿠아즈 레몬맛, 까눌레 시켰어요~!! 신기하게 스티커처럼 이렇게 있었어요 ㅎㅎ!! 겁나 신기해요 😁😁 그리고 바로 옆에는 휴지와 물티슈가 있어요 ㅎㅎ!! 헤액 ㅋㅋㅋ 사장님 엄청 깨끗하시네요!! 정리정돈부터 해서 대박 👏🏻👏🏻 오오 ㅋㅋㅋ 여기저기 느낌있어요~!! 세련된 느낌이 확 들어요😎😎 저희는 여기 앉기로 했어요 ㅎㅎ 조명도 감각적인걸로 딱 ㅋㅋㅋ 저 검은색 하트 케이스도 그렇고 지금 보니깐 신기한 제품들이 많네요!! 화장실도 매장안에 있어요 ㅎㅎ!! 밖에 나갈 필요가 없어요 ㅋㅋㅋ 록시땅 핸드워시 겁나 향 좋네요🌸🌸 크윽 여기저기 제가 좋아하는 식물들 있고 독특한 인테리어 있고 구경하는 맛이 있어요 ㅎㅎ!! 테이블 앉고 나서 다시 매장안에 두리번두리번 하고 있어요 ㅎㅎ 매장안에가 넓고 역시 저기 거울앞이 아무래도 포토존인 거 같아요 ㅋㅋㅋ 저희가 딱 들어왔을때 여기 포토존은 무조건 빨리 찍어야해!! 이러고 찍고 주문하고 자리 앉았어요 ㅋㅋㅋ 나중에 인스타 보니깐 힙한 자리 맞더라구요~!! 음식 나오기전에 여기저기 사진찍고 인증샷 찍기 ㅋㅋㅋ 신난다 신난다 ㅎㅎ 컵 받침 너무 귀여워요 ㅋㅋㅋ 이렇게 저도 손재주가 있으면 좋은데 이거 하다가 잘못해서 실밥 풀고 어휴 즈질이예요😂😂 짜잔 ㅋㅋㅋ 저희가 시킨거 다 나왔어요~!! 보기만 해도 시원해보이고 맛있어 보이네요 😋😋 아이스아메리카노랑 핑크티와 다쿠아즈 레몬맛, 까눌레❤❤ 까눌레 먼저 반 잘라서 나눠먹으려구요 ㅎㅎ!! 겉에는 바삭하면서도 딱딱해보이지만 자르면 안에가 엄청 촉촉해요~!! 다쿠아즈는 사랑이죠 ㅎㅎ!! 제가 마카롱 다음으로 열심히 먹었어요 ㅋㅋㅋ 안에가 레몬이라서 상쾌한 느낌이 들거 같아요 ㅎㅎ!! 역시나 맛있어요 ㅎㅎ!! 둘다 촉촉하고 사르륵 없어졌어요 ㅋㅋㅋ 룰루랄라 ㅋㅋㅋ 이제 나가면 바로 집 갈꺼니깐 지금 모습 많이 담기 하려구요😁😁 만족하고 다 먹었으니깐 이제 렌즈 빼고 안경쓰고 집 갈 준비 하려구요 ㅋㅋㅋ 사장님 잘 먹었어요~!! 연남동 카페하면 바로 이곳 라프하우스로 오세요~!! 라프하우스님의 Instagram 프로필 게시물: “시소림 작가님의 작품이 내일부터 2주일동안 전시될예정입니다. 연남동 숲길 공간 만화 전시 <만화숲길:산책>와 함께하게 되어 기쁘며 작품들 하나하나가 정말 아름다운 작품들이기 때문에 많은분들이 감상하셔서 좋은 영감 받으시길 바랍니다” 좋아요 50개, 댓글 2개 - Instagram의 라프하우스(@rafhouse_seoul)님: ""시소림 작가님의 작품이 내일부터 2주일동안 전시될예정입니다. 연남동 숲길 공간 만화 전시 <만화숲길:산책>와 함께하게 되어 기쁘며 작품들 하나하나가 정말 아름다운 작품들이기…"" www.instagram.com 지금은 시소림 작가님 작품이 전시되고 있대요 ㅎㅎ!!"
연남동카페 머랭롤라드 있는 홍대 라프하우스,"예전부터 궁금했던 머랭롤라드 연남동카페 라프하우스에서 만나보았어요. 진짜 제 입맛에 딱 맞는 디저트인데 비쥬얼도 수준급이었습니다. 커피를 마실까 하다가 밀크티를 시켜보았는데 풍미있고 고급스러운 맛이라 더욱 잘어울렸어요. 차갑게 먹으니까 시원하기도 하구요. 라프하우스 서울특별시 마포구 동교로32길 10 2층 라프하우스 서울특별시 마포구 동교로32길 10 2층 *영업시간 12:00-21:00 경의선숲길을 산책하다 골목으로 들어오면 보이는 곳인데 홍대 카페만의 감성있는 건물의 2층에 위치 해서 독특한 창문을 찾으면 여기구나 알 수 있네요. 그리고 이렇게 RAF HOUSE라고 건물 안내를 하는 간판에도 적혀 있음 공간을 알차게 꾸며둬서 더 매력있었어요. 메뉴판은 카운터 바로 앞에 화면으로 있는데 커피는 5-7천원대, 디저트는 4-1만원대 였습니다. 먹고픈 메뉴를 주문하고 자리를 잡았는데 인기가 많은 곳이다보니 웨이팅도 있네요. 디저트 사진이 옆에 있어서 고르는데 참고를 했는데 약간 화려한 느낌도 있도 과일이 먹음직 스럽게 올라가 있어요. 미리 만들어 두는게 아니라 주문 즉시 플레이팅을 시작한다고 적혀져 있어서 이런 부분이 인상적이에요. 전문가가 조리한다고 하고, 파블로바는 완성까지 대략 10분 걸린다고 하니 참고하면 좋을거 같습니다. 머랭롤라드는 이것보다는 더 빨리 나와서 얼른 먹을 수 있었어요 자리는 동그란 테이블, 네모난 테이블, 나란히 앉을 수 있는 곳 다양한데 인테리어가 영하고 힙한 것이 마음에 들었어요. 채광이 좋고 여기 셀피도 참 예쁘게 나오는 곳이기도 해서 많은 사람들이 인별 스타일 사진을 건지기도 했는데 저도 또한 셀카찍고 그랬네요 ㅋㅋㅋㅋㅋ 벽의 포스터나 가구들이 개성있으면서 이곳의 전체적인 느낌과 비슷해서 그런지 안목이 있게 되어 있는 듯 특히 여기의 거울과 스탠드는 책과 장식이 마치 한 세트같이 있어요. 그리고 거울 테두리가 마치 풍선 같았습니다. 왠지 저녁에 여기 스탠드 덕분에 이곳이 더 예쁘게 보일거 같은데 날씨도 좋아서 더욱 외출하기 잘 한거 같아요. 금방 만석이 된 연남동카페는 친구와 수다를 떨기에도 또는 연인과 데이트를 하기도 괜찮은 공간이었어요. 따뜻한 분위기네요. 또한 디저트가 매우 훌륭한데 잘읻은 산딸기 그리고 블루베리 주위에 딸기를 썰어두어 색감도 뭔가 더욱 레이어드가 되었어요. 허브도 올라가서 향긋하고 얼핏보묭 바게트 빵을 납작하게 해서 과일을 얹은듯 한데 자세히보면 머랭빵인거죠 주변에 아몬드를 붙여서 더욱 견과류 만의 맛도 추가하고 구워진 정도도 적당해서 너무 오버베이킹 되지 않고 딱 알맞았어요. 머랭쿠키도 잘 먹기 때문에 이건 식감이 어떨지 궁금하더라구요. 근데 먹어보니 쫀득하고 부드러워요. 그리고 위에 과일이 맛의 포인트를 줘서 달콤하면서 산뜻한 생과일만의 장점이 돋보였습니다. 이런거 처음보는 디저트네요. 빵같기도 하고 어떻게 보면 크림 같기도 한데 사르르 녹는 맛이 있어서 그게 특징이고 그리고 동그란 모양이 조화로워요. 넘나 맛있어서 저도 모르게 엄청 빨리 먹게 되는 그런 디저트네요. 너무 무겁지 않으면서도 퍽퍽하지 않아요. 그냥 밀가루를 쓴 빵이랑 다른 맛이라서 좀 더 새로웠어요. 굽는 시간을 잘 조절해야 이런 맛이 나올거 같아요. 촉촉하면서도 손수만든 정성 그리고 디테일한 플레이팅까지~~~~~~ 왜 입소문을 타는지 알 것 같은 곳입니다. 과일 중에서도 저는 특히나 베리류가 최애인데 그걸 모아서 위에 듬뿍 올리니까 과일이 부족하지 않네요. 그리고 밀크티는 이렇게 우려서 만든 통에 담겨 있는데 라벨지도 예쁘고 독특했어요. 얼음컵도 멋지구요. 우유와 홍차의 밸런스가 적절했는데 향이 제가 선호하는 향이라서 계속 음미를 해보았네요. 그리고 달달함도 딱! 너무 단 것 보다는 적당하게 조절된 단맛이 중요하다고 생각하는데 여기 밀크티가 그랬던듯 해요. 커피를 너무 자주 마시면 에이드나 다른 티 종류가 땡길 때가 있는데 밀크티를 그때 도전해보면 좋을거 같아요. 너무 추운 날씨에는 아이스를 시키기기 고민되는데 이젠 좀 덜 추워서 차가운걸 먹고 싶을 땐 시켜봅니다. 특히 밥먹고 후식으로 차가운 음료가 많이 땡기는데요. 다른 분들은 어떤지 궁금하네요. 이걸 먹어보니 유명한 파블로바도 꼭 친구들이랑 먹어야 겠다고 다짐을 했습니다. 근사하면서도 맛있는 후식이에요. 더 시킬껄 그랬나봐요~ 여기 오는 분들은 1인 1롤라드 해도 후회하지 않을거 같아요. 음료도 그리고 디저트도 강점이 확실한 연남동카페네요! 일부 메뉴는 제공받아 솔직하게 작성하였습니다"
[연남동 카페] 라프하우스 | 연남 맛집 찾다 발견한 파블로바 케이크 카페 RAFHOUSE,"—————————— | 안녕하세요 먹삐에요 | —v————————— (:ᘌꇤ⁐ꃳ 三♥ 가게 정보 라프하우스 서울특별시 마포구 동교로32길 10 2층 라프하우스 📍 위치| 홍대입구역 3번출구에서 도보로 5~10분 영업시간| 매일 12:00 - 21:00 인스타| @rafhouse_soeul 외관과 가게 내부 라프하우스는 2층에 위치하고 있어요 1층엔 요로케 입간판 마감이 오후 9시인데 평일 8시쯤 갔더니 저희 밖에 없더라구요 가게 문 앞에 있던 대기표가 연남 맛집임을 알려준😅 내부는 깔끔하고 힙하게 꾸며놨더라구요 4인석도 몇개 있어서 불편하진 않았어요! 특히 이 공간이 신경써서 꾸민 느낌 거울 모양이 독특하고 예뻐서 포토존으로 많이들 쓸 것 같았어요~ 메뉴 ——————먹삐의 메♡뉴—————— 파블로바 케이크 12,000원 아메리카노 5,000원 바닐라라떼 6,000원 ———————————————————— 파블로바 케이크 크기 사진만으로는 감이 잘 안오시죠?! 자그맣고 둘이 먹기 좋은 도시락케이크 사이즈에요 그리고 이름 자체가 생소했는데 머랭케이크 더라구요 그래서 겉은 파샥 - 요런느낌 그리고 안에 빈 부분이 있고 뭉쳐있는 애들은 쫀독해요 온도가 미지근시원해서 인절미 아이스크림 떡 부분 같기도 했어요 ㅎㅎ 영상으로 보시면 저희가 예측하지 못한 케이크 질감이라 친구도 찍는 저도 당황한 거 보이시죠 ㅋㅋㅋㅋ 아무튼 연남에 산책 가서 이색디저트 #파블로바케이크를 먹어서 즐거웠어욧 ㅎㅎ 삐돈삐산 🥳🥳 #서울파블로바 #홍대파블로바 #연남파블로바 #연남맛집 #연남데이트 #연남카페 #연남핫플 #홍대디저트 #연남디저트 #파블로바케이크 #서이추 #서이추환영"
연남동카페 중에 오렌지 커피 맛있는 카페 라프하우스 다녀왔어요. 디저트 케이크 추천!!!,안녕하세요. 혼밥이 좋아 혼밥하는 남자 혼밥김선생 입니다 ㅋ 오늘은 #연남동카페 다녀왔어요 #오렌지라떼 너무 맛있었던 #라프하우스 소개해드릴께요 라프하우스 서울특별시 마포구 동교로32길 10 2층 라프하우스 라프하우스 서울시 마포구 동교로32길 10 2층 1층에는 옷가게가 있고 2층에 창가 좋은 연남동카페있어요 1층에는 바라에메트 옷가게가 있구요 2층 창가있는 곳이 연남동카페에요 1층 바라에메트 2층 라프하우스 3층 요요 쿠킹스튜디오 층별로 이름 써 있어요 건물 왼편에 올라가는 계단있어요 ㅋ 조금 올라가면 1층 예쁜옷가게 있구요 2층으로 올라가야해요 2층 올라가면 연남동카페 라프하우스 손님들 두테이블정도 있어서 저희는 안쪽 자리로 갔어요 ㅋ 연남동카페 라프하우스 메뉴판이에요 라프카페가 시그니처메뉴같아요 오렌지라떼 !!! 저는 아몬드크림라떼 마셔봤는데 고소했어요 ㅋ 디저트로는 말렌카 시나몬 주문했어요!!! 매장은 넓어요 ㅋ 창이 통유리여서 밖을 바라보는 뷰가 시원시원해요 라프하우스는 존중의 의한 공존의 공간이에요 ㅋ 갤러리 전시도 있고 연남동 경의선 숲길 공간 6곳에 작가 6명이 협업하여 만든 전시가 있는 것 같아요 ㅋ 매장 곳곳에 재미있는 작품들이 많아서 이 공간 자체가 힙한 곳 같아요 ㅋ 연남동카페 라프하우스 왔어요 #홍대입구역카페 분위기 좋아요 !!! 뭐먹을지 고민하고 안잊어먹게 카톡에 적어놓고 용기내서 주문하러 가요 ㅋ 주문하고 금방 디저트 나왔어요 ㅋ 흐르지 않는 크림이 인상적인 말렌카!!! 보통 크림 스프처럼 지나치게 많은 곳들이 있는데 크림이 흐르지않고 꾸덕하니 맛이 더 찐하고 좋은 것 같아요 ㅋ 위에 로즈마리 있는데 향만 맡고 먹지는 않아요 드시는 분들도 계시던데 전 고기만 먹어요 ㅋ 디저트 감상하는 동안 바로 커피도 나왔어요 ㅋ 라프라떼는 커피 크림 위에 오렌지가 있어요 ㅋ 제 아몬드크림라떼는 고소해요 아몬드 크림 라떼는 크림 위에 우주의 띠처럼 아몬드와 가루가 뿌려져있고 컵 안에도 뭔가 태초의 우주같은 느낌 ㅋ 연남동카페 라프하우스 라떼안에는 우주가 들어있는 것 같아요 ㅋ 입으로 마시면 더 맛있는데 눈으로 보는 것도 맛있어 보이죠? 입으로 마시면 더 맛있어요 ㅋ 연남동디저트 까놀레도 있어서 하나 먹어봤는데 맛이 좋아요 ㅋ 연남동카페 디저트 맛있어요 ㅋ #홍대입구역 근처 카페 찾으시면 연남동카페 라프하우스 좋아요 ㅋ 오랫만에 사촌동생 만나서 연남동카페 다녀온 기록 끝!!!
[연남동 카페] 연남동 라프하우스 / 연남동 감성카페 / 연남동 디저트맛집 / 연남동 카페추천 / 홍대 카페데이트 / 홍대 디저크맛집 / 내돈내산 솔직후기,연남동 바다덮동에서 저녁을 먹고 근처에서 커피를 한잔 하기로 한 호두와 오빠! 늦은 저녁이었지만 종일 커피를 한잔도 못마신터라 카페인 수혈이 시급한 상태였답니다 ㅎㅎㅎㅎ 배가 불러서 디저트는 못먹을거 같고 커피가 맛있는 곳으로 가자며 근처에서 카페를 찾아봤는데 바다덮동에서 연남노상주차장 가는길에 라프하우스라는 카페가 있더라고요! 그래서 바로 고고! 분위기 자체가 시끌한 느낌이 아니고 비가 와서 그런지 약간 조용하고 분위기 있는 곳이 가고싶었던 우리의 니즈에 딱 맞았던 곳이에요! 건물 2층에 위치해있어서 춍춍 걸어 올라갔습니당! 올라가는 계단에서 부터 감성+감각적인 인테리어가 돋보였던 라프하우스! 요렇게 페인팅 작업도 이쁘게 해놓으셨더라고요! 라프하우스의 뜻이 RESPECT + ADMIRE + FAITH의 약자인 RAF와 HOUSE를 조합해서 만든 이름이더라고요! 카페 이름 또한 힙하고 개성있는 라프하우스 ㅎㅎ 아.. 디저트 먹을배는 분명 없다고 생각했는데 또 보니까 먹고싶더라고요~? 다이어터인 저....는 양심없이 말렌카 케익 한조각을 시키고 말았답니다 ㅎㅎㅎㅎㅎㅎ 말렌카초코(7천원)+아이스아메리카노(5천원)+라프라떼(6천5백원)을 주문! 다른 자리는 이미 다 차서 이쪽 자리에 앉았어요! 음료는 직접 자리로 가져다 주시고 치워 주시는 시스템! 소품하나하나가 요즘 핫하다는 미드센츄리풍으로 잘 꾸며져 있더라고요 그리고 화장실도 내부에 있어서 너무 좋았음!!!! 식당이나 카페를 갈 때 화장실 청결을 또 유심히 보는편인 변태스러움..ㅋㅋ 화장실도 너무 깨끗하게 잘꾸며 놓으셨고 손세정제는 또 록시땅 제품을 쓰시더라고요!! 손 씻고나면 너무 향긋함ㅎㅎㅎㅎㅎㅎ 분위기가 워낙 좋아서 사실 커피도 커피지만 와인을 마시기에도 정말 좋을것 같았어요! 조명 감성 무엇.... 안이쁜 곳이 없었던 라프하우스 ! 중간중간 계속 닦으시고 정리하시던 사장님! 사장님께서 엄청 깔끔하신 성격이신거 같더라고요! 너무 맛있어서 꿈에도 나왔던 초코말렌카!!!! 체코의 전통케익으로 시트 겹겹이 꿀을 발라서 쫀득한 맛이 일품인 케이크에요! 진득한 크림과 부드러운 시트 그리고 브라우니같은 식감! 진짜 너무 맛있어서 안시켰음 후회했을 맛! 최근 먹었던 디저트류에서 베스트 오브 베스트!!! 그리고 시그니처 메뉴라고 해서 시켰던 라프라떼! 오렌즈마멀레이드가 올라간 오렌지라떼에요! 달거 같지만 달지 않고 부드러운 크림에 커피의 씁쓸함이 꽤나 어울렸던 음료! ㅋㅋㅋㅋㅋㅋㅋㅋㅋㅋ오빠가 또 거들기를 여튼 이거 찍을때 제일 좋아하는거 같아요 오빠 진짜; 오랜만에 카페가서 둘이 수다도 떨고 소소하게 데이트를 즐길 수 있었던 날! 분위기가 좋은 곳이라 더 좋았던거 같아요! 특히 뭔가 라프하우스는 비오는날이랑 또 잘어울리는 느낌~? ㅎㅎ처음부터 이자리에 앉고싶었는데 이미 앉으신분들이 있어서 못앉은 아쉬움에 나올때 찍어봄 조용한 분위기의 잔잔한 휴식을 즐기고 싶으시다면 연남동 카페 라프하우스를 추천드려요! 특히 라프하우스는 디저트 맛집이니 말렌카케익을 꼭 드셔보시구욥 ㅎㅎㅎ #연남동데이트 #연남동맛집데이트 #홍대디저트맛집 #서울말렌카케익 #연트럴파크카페 #홍대조용한카페 #홍대카페추천 #연트럴파크카페추천 #카페추천 #홍대카페 #연남동카페 #카페투어 #디저트맛집추천 #내돈내산 #솔직후기 라프하우스 서울특별시 마포구 동교로32길 10 2층 라프하우스
"핫한 느낌의 이색적인 연남동디저트카페, 라프하우스","얼마전 다녀온 서울 나들이에서 들린 연남동디저트카페 라프하우스 매장이 힙한 분위기의 갬성인데, 예뻤어서 이쁘게 나온 인생사진이 많길래ㅋㅋㅋ 리뷰를 좀 해보려고ㅎㅎ 라프하우스에서 우리가 먹은 메뉴들부터 맛보기 사진 먼저 연남동디저트카페인 라프하우스는 연트럴파크 사거리 근처에 있어서 접근성이 진짜 좋았던 것 같아!! 홍대 입구역이랑도 멀지 않아서 커피 먹고 집갈때 편했음ㅋㅋㅋㅋ (걸어서 대략 5분?? 정도 걸렸던 것 같아!) 라프하우스는 2층에 위치하고 있으니까 참고하도록 하구!!! (우리는 사람이 너~~무 많은 오픈 되어있는! 1층 카페 보다는 조금 힙하면서도 프라이빗한 카페에 가고 싶어서 보다가 2층 카페인 라프하우스에 갔었어ㅋㅋㅋ) RAF -Respect : 존중 -Admire : 존경 -Faith : 믿음 존중에 의한 공존 (생각보다 심오한 뜻을 담고있는 카페 네임명에 괜히 숙연해짐?!ㅋㅋㅋㅋ) 힙한 카페나 음식점 가면 준비되어 있는 요런 스티커ㅋㅋㅋㅋㅋ 나는 요 스티커를 다이어리 앞이나 뒤에 마구잡이로 붙여놓는데!! 라프하우스에서 두장 득템ㅋㅋㅋㅋ 연남동디저트카페, 라프하우스 메뉴판 기본메뉴는 물론이고 신박한? 메뉴들이 많아서 신기했던 것 같아ㅋㅋㅋ 우리는 시그니쳐 음료 한잔이랑 에이드 한잔! 그리고 디저트 주문 ㅋㅋㅋ (디저트는 빠지면 섭하지><) 음료를 기다리는 동안 라프하우스 카페 실내를 둘러봤는데 완전 힙한 감성! 곰돌이 뭐야??ㅋㅋㅋ 귀여워!! 파란색 조명이랑 파란색 곰돌이가 너무 잘 어울리는데??ㅋㅋㅋㅋ 대표님께서 쉐프출신이라고 들었는데, 인테리어 전공하셨다고 해도 믿을 듯!! 연남동 메인거리가 보이는 창가좌석! 2층 창가쪽은 전체가 통유리창인데~ 또 연남동 메인거리가 보이니까 사람들 구경하는 재미도 쏠쏠하다고ㅋㅋㅋㅋ 우리는 부담시러워서 ㅋㅋㅋ 안쪽 사진 잘 나올 것 같은 자리에 앉음ㅎ 여기 연남동디저트맛집 아니고, 인테리어 맛집 아닌가요?! 군데군데 전부다 포토존이야ㅋㅋㅋㅋ 휴대폰을 손에서 놓을 시간이 없어!! 매장도 얼마나 깨끗하던지~ 먼지하나 안보이는 거 있지ㅋㅋㅋㅋㅋ 우리가 주문한 음료가 만들어지는 곳♥ 라프하우스 까눌레 3,000원 솔직히 까눌레 먹을까? 고민했지만 까눌레는 어느 카페에서든 먹을 수 있는 디저트라서 다른 디저트로 선택 근데 이사진 너무 느낌있지 않아?? 내 카톡 배경사진인데 ㅋㅋㅋ 아무래도 라프하우스 사장님은 파란색을 좋아하시는 것 같아ㅋㅋㅋㅋㅋ 어쩌다가 고개를 든 곳에 ㅋㅋㅋㅋ 석고 방향제 인가?? 저기다가 저렇게 붙여놓을 생각은 누가 하신거지??ㅋㅋㅋㅋㅋ 뜬금없이 붙어있는게 느낌있어><ㅎㅎ 이런 포스터가 진짜 힙한 분위기를 연출하는 것 같아! 우리는 요기 포스터 밑에 자리잡고 앉음 ㅋㅋㅋ 요자리 사진 잘나옴><♥ 화장실도 완전 깔끔 깨끗하구!! 보통 화장실은 인테리어를 크게 신경쓰지 않는 곳이 많은데 라프하우스는 화장실까지 힙한 갬성으로 꾸며놓으셨어ㅋㅋ 앞에 손님들이 조금 있어서ㅋㅋㅋㅋ (사람들 안나오게 사진찍느라 힘들었음ㅋ) 한참 구경하다 보니 나온 우리의 음료&디저트 라프라떼 (오렌지라떼) 6,500원 라프하우스만의 시그니쳐 음료 일반 라떼와는 다르게 오렌지크림이 위에 덮혀져 있는게 특징★ 석류펜지에이드 6,500원 달달한 석류시럽이 에이드 바닥에 투명젤리와 같이 깔려있고, 그 위에 수제 펜지 시럽을 뿌려서 마시는 음료 펜지시럽의 향이 기분까지 상큼하게 만들어주는 에이드야:) 비쥬얼이 너~~~무 예쁘게 생겼지♥ 동영상에서 봤듯이 저 은색 컵에 들어있는 시럽을 에이드 잔에 부어주면되! 말렌카케이크(초코) 7,000원 설탕이나 시럽이 아닌 꿀을 사용하여 은은한 달달함에 코코아 가루가 섞여 기분이 업!! 되는 수제디저트 일반 케이크와는 다르게 조금 쫀득한 맛의 케이크 였는데 개인적으로 내가 좋아하는 쫀득한 식감에 꾸덕하고 진한 초코맛이 인상깊었던 케이크야♥ 맛있는 수제 케이크가 있는 연남동디저트카페 라프하우스에서 음료도 마시고, 수다도 떨고, 이쁜카페에 가면 뭐다??!! 사진사진!!!ㅋㅋㅋㅋㅋㅋ 포토존으로 보이는 곳에서 거울샷도 찍어주고! 배경이 예쁘니까 오랜만에 셀카도ㅋㅋㅋ 셀카가 너무 오랜만이라 어색..ㅎ 왜인지 모르겠지만 요즘은 남이 찍어주는 사진이 더 자연스럽고 이쁜거 같아ㅋㅋ 자연스러운걸 찾으면 나이 드는거라고 하던데,, 나도 이제 나이 들어가나봐ㅠㅠㅠ 이런 자연스러운 사진이 더 좋아♥ 표정이 왜 저렇게 뚱한거야??ㅋㅋㅋ (예쁜척 예쁜척^^) '어?! 동영상이야?ㅋㅋ 안녕~~~~' 연남동디저트카페 라프하우스의 또다른 힙한 갬성 뿜뿜하는 포토존ㅋㅋㅋ 나는야 깜장 비닐봉다리 갬성 뿜뿜ㅋㅋㅋ 우리 담이공주가 좋아하는 후레시갬성 ㅋㅋㅋㅋㅋ 나도 요즘 후레시갬성 좋아♥ 라프하우스 입구쪽 계단 옆 벽인데 이렇게 RAF 라는 영어로 파란색 배경의 벽에 인테리어 해놓으셨더라구! 역시 사장님은 파란색을 좋아하시나봐ㅋㅋ 라프하우스 서울특별시 마포구 동교로32길 10 2층 라프하우스 실컷 웃고 떠들고 이쁜 사진도 많이 건지게 해준 라프하우스, 고마웡~~~♥ 그럼 이제 퇴근~~0_<* 안뇽!!"
[홍대/연남] 연남동 커피부터 하이볼까지 라프하우스 안주는 파블로바 ㅎ,"라프하우스 서울특별시 마포구 동교로32길 10 2층 라프하우스 파블로바를 데이나 asmr로 배운 지워니 한 번도 안먹어봤다고 해서 데려왓따 (근데 나도 라프하우스 처음 옴) 과일 파블로바가 아니라 메뉴 이름부터가 포도 파블로바라 새로워씀 포도시럽 같은 것도 발려있는데 달달하니 맛있었당 근데 포도를 넘 애끼신거 아닌지 저거 다 합쳐봐야 포도 두 알 안될 것 같지 않아? 1차로 커피 마시고 2차까지 한 카페에서 해결하다. 굿굿 ㅋㅋ 오미자 하이볼, 얼그레이 하이볼인데 둘 다 맛있었다! 와이.. 지금 보니 포토부스가 아니라 페이스타임이었네 이거 푸주와의 하루 끝 ㅋㅋ"
[연남동] 파블로바가 생각나면 라프하우스!,"여러분 안녕하세요~ 저는 디저트 중에 파블로바랑 까눌레를 가장 좋아해요 이번에 그 2개를 같이 파는 카페가 있어서 방문해봤습니다! 라프 하우스는 2층에 있답니다! 블로그 올린다고 입구를 찍는데 친구들은 기다려주지 않네요..ㅋㅋ 저 쿨한 뒷모습 저희는 7시쯤 방문을 했는데 손님이 한명도 없어서 좋았답니다 이 시국에 저희만 있는 공간이라니..! 매장이 엄청 감각적으로 꾸며져 있더라구요~ 사장님이 굉장히 세련된 감각을 가지고 있으신가봐요!! 주문하는 곳에 이렇게 메뉴판이 있습니다! 저희의 목적은 파.블.로.바. 파블로바 2단을 시킬까 하다가 머랭롤라드도 먹어보고 싶어서 파블로바 1단이랑 머랭롤라드를 시켰습니다~ 이렇다고합니다~ 파블로바 맛이 더욱더 기대가 됩니당 ㅎㅎ 파블로바가 나왔습니다! Wow .. 비주얼도 미쳤지만 역시나 파블로바의 맛은..👏👏👏 이거 2단 시킬걸,, 다음은 머랭롤라드입니다 갤럭시 vs 아이폰 뭐가 더 잘 찍었나요..? ㅋㅋㅋㅋㅋㅋㅋㅋㅋㅋㅋ 이건 사실 생각보다 별로였어요 좀 애매한 맛이어서 맛을 표현하기가 어렵네요;; 1인 1음료를 시켰는데 저는 석류펜지 에이드 라민이는 카페라떼 서경이는 아몬드크림라떼..? 이렇게 시킨거 같아요! 음료가 다양하고 신기한게 많아서 좋았어요 체리초코라떼가 궁금해서 또 방문해야겠어요 ~ 펜지시럽을 따로 주셔서 취향껏 부어서 마시면 된답니당~ 저는 견과류를 안좋아하지만 견과류를 좋아하는 서경이는 크림에서 아몬드 맛이 난다며 맛있다고 했습니다~ 카페라떼는 뭐 다들 아는 맛일테구요..^^ 라프하우스 서울특별시 마포구 동교로32길 10 2층 라프하우스 전체적으로 분위기도 넘 좋구 사람도 없구 파블로바도 맛있구 메뉴도 다양해서 여러분들에게 추천해드리고 싶어요! 파블로바가 궁금하다면 여길 방문해주세요~ 아! 근데 제가 좋아하는 까눌레는 지금 안팔고 있대요 ㅠㅠ"
연남동디저트 맛집 라프하우스 다쿠와즈 뿌시고 온썰 푼다,오늘은 연남동디저트 맛집 라프하우스 뿌시고 온썰 들고왔습니다아아 아기자기한 갬성의 연남동디저트 맛집 라프하우스 약간 인스타 갬성이 물씬 나는곳! 아기자기한 소품들이 많아서 약간 내서탈 우리 집도 이렇게 꾸미고싶다 요즘 가게들 맥북으로 메뉴판 한곳 꽤 많드라구요 여기도 연남동 핫플레이스라서 그런가 의자랑 테이블이 각자 다른 스타일인거 같은데 뭔가 서로 되게 조화로움 ㅋㅋㅋㅋㅋ 일단 깔끔한 스타일이라서 딱 문열고 들어갔을때 너무 좋음 이날 연남동디저트 맛집 카페 라프하우스 간날 눈이 소복소복 내렸는데요 통유리로 되어있어서 너무 분위기 있더라구요 카페도 조용하고 혼자 쉬기 딱 좋은 곳 일단 여기 연남동디저트 맛집인 라프하우스는 분위기가 이미 먹고들어가서 ㅋㅋㅋ 걍 혼자 갬성에 취하고 싶은날 가면 ㅋㅋㅋ넘 쵝오 저는 크림들어간 커피를 사랑하는데 여기 연남동디저트 맛집인 카페 라프하우스에는 아몬드크림라떼라는게 있어서 냉큼! 주문했어요 고소한 아몬드크림에 라떼라니…!! 넘나리 환상적 기존의 아인슈페너와는 또 다른맛! 디저트 맛집 카페이니까 안시킬 수 없잖아요? 저는 원래 마카롱도 황치즈 조아해서 황치즈랑 흑임자 시켰어요! 연남동디저트 맛집 카페 라프하우스 다쿠아즈 (흑임자/황치즈) 이런 단면샷 찍어줘야죠ㅋㅋㅋㅋㅋㅋㅋ 황치즈는 원래 좋아하던 맛이라서 역시나 맛이 좋았구 흑임자 세상 존맛 너무 꼬소해서 …완전 하투하투 담에는 다른 디저트들도 하나씩 뿌셔볼 예정입니다. 통유리로 된 큰 통 창과 내부공간도 넓어서 뭔가 친구들끼리 가서 디저트 먹어도 좋지만 남자친구랑 데이트하기에도 넘 좋드라구요 분위기가 넘 굿굿 (하지만 남친이없는 현실ㅠ) 이날 눈이 많이 내리던날이라 진짜 분위기 최고였다구요ㅠㅠㅠㅠㅠㅠㅠㅠㅠ 여기 연남동디저트 맛집인데 사실 뷰맛집임…! 분위기맛집!!
[서울 홍대] 연남동 힙한 감성카페 ‘라프하우스(LAFHOUSE)’,"연남동 힙한 감성카페 ‘라프하우스(LAFHOUSE)’ 라프하우스 서울 홍대 HOUR Mon - Thur : 11:00 - 21:00 Fri - Sat : 11:00 - 22:00 Sun : 11:00 - 21:00 MENU 아몬드크림라떼 : 7,000 청귤에이드 : 6,500 다쿠와즈 : 4,000 LOCATION 서울 마포구 동교로32길 10 2층 라프하우스 홍대입구역 근처에 숨겨진 힙한카페가 있다고 해요 아는 사람들만 아는 곳, 라프하우스 소개해볼게요 시그니쳐 음료인 라프라떼를 먹어보고 싶었는데 제가 방문한 날은 재료 소진이라고 하시더라구요 아쉽지만 아몬드크림라떼를 시켜봤어요 ! 에이드는 청귤, 다쿠아즈는 레몬크림으로 선택했답니다 * 라프하우스 : 존중에 의한 공존 각 테이블마다 분위기가 다르게 연출되어 있었어요 우드톤의 가죽 쇼파, 쨍한 파랑색의 플라스틱 의자 철제를 사용한 견고한 느낌의 의자 등 각기 다른 컨셉으로 원하는 곳에 앉으면 되서 색다르고 이색적이게 느껴졌어요 주문한 메뉴들 준비 완료 ✨ ✔️ 아몬드크림라떼 약 1/4이 쫀득한 크림으로 꽤 많은 양이 들어 있었고, 위에는 아몬드 가루가 잘게 뿌려져 있었어요 견과류의 고소한 맛이 베이스로, 달달한 크림과 씁쓸한 라떼의 조합이 좋았답니다 ✔️ 청귤에이드 청귤에이드의 맛을 한 줄로 표현한다면 레몬 ! 청귤 ! 유 〰️〰️〰️ 자 입니다 톡톡 튀는 탄산에 레몬과 청귤의 맛이 느껴지고 생각보다 유자 맛이 진하게 느껴졌어요 ! 깔끔하니 군더더기 없는 맛이었답니다 ✔️ 다쿠와즈 레몬과 흑임자 총 두가지 맛이 있었는데 상큼한 레몬으로 선택했어요 폭신폭신한 식감이 잘 느껴지시나요 ? ! 쫀득한 필링이 한가득 들어있어서 맛있게 먹을 수 있었답니다 ✨ 내부 인테리어가 너무 예뻐서 포기할 수 없었던 사진들이에요 ! 다른 카페들과 확연히 다른 분위기로 감성적이면서 힙한 느낌이었답니다 마지막에 나가는 길까지 RAF만의 감성적인 페인트칠이 가득 하더라구요 ! 홍대입구역 근처 힙한카페를 찾으신다면 ‘라프하우스’ 추천드립니다 라프하우스 서울특별시 마포구 동교로32길 10 2층 라프하우스"
연남동카페 라프하우스 인싸카페,"연남동카페 라프하우스 인싸카페 분위기에 취하게 되는 연트럴파크 카페 추천 구불구불 길따라 만난 힙한 연남동 카페 연남동에 오면 내 생활권?에는 존재하지 않는 느낌있는 카페를 찾게 되는데 바로 라프하우스가 feel 뽝!! 라프하우스 RAFHOUSE 연남동 예쁜 카페 Respect Admire Faith HOUSE 뭔가 심오하면서 깊은 뜻을 담고 있는듯한 카페 이름에 생각을 나누게 되더라구요 라프하우스 서울특별시 마포구 동교로32길 10 2층 라프하우스 서울 마포구 동교로32길 10 2층 050-71389-7353 금-토요일 11:00 - 22:00 일-목요일 11:00 - 21:00 테이블 디자인이 다 달라서 그런지 자리자리마다 다른 공간에 있는 느낌이에요 그래서 사진찍기도 좋아요 뭔가 쇼핑몰 옷촬영해도 좋을거 같은~ 감성적인 테이블들에 데이트하기도 좋을듯 분위기 있는 연남동 카페를 찾는다면 라프하우스 추천하고 싶어요 소개팅도 라프하우스 음료랑 예쁜 디저트도 심쿵 유발 파플로바, 말렌카 찾아보기 힘든 디저트들도 눈에 띄어요 음료도 커피/tea/에이드 종류가 다양해서 선택의 폭이 넓어요 감성적인 공간에 특별한 음료와 디저트가 있는 연남동 카페 라프하우스에는 카페놀이하기에 완벽한 환경을 갖추고 있어요 메뉴도 참 예쁘죠 저절로 인싸각! 먹기보다 사진찍기 바빴던?ㅎ 라프하우스의 시그니처 라프라떼 일반 카페라떼와 오렌지크림이 살포시 내려 앉은 라프하우스만의 커피 메뉴! 마시다 보면 말린 오렌지?가 씹히는데 새콤달콤하면서 맛있게 잘 어울려요 이런 크림라떼는 처음이야!! 청귤청+탄산 청귤에이드 함께 꽂아주신 숟가락으로 저어서 마시는 음료 여기 에이드맛집이네!! 말이 저절로 나올정도로 비쥬얼도 굳! 상큼한 청귤맛도 굳!! 라프하우스 파블로바 케이크 여러분 혹시 파블로바 케이크를 아시나요? 저는 마카롱 살떄 머랭쿠키도 같이 사는 편인데 달달한 머랭쿠키가 기분이 좋거든요 파블로바 케이크는 바로 그 머랭위에 크림과 제철과일을 듬뿎 올린 케이크로 밀가루 함량이 zero라 일반 케이크보다 죄책감이 덜한?(자기합리화ㅎ) 맛있는 디저트에요 맛있으면 0칼로리 함꼐 주신 나이프로 잘라서 먹는데 너무 예뻐서 몇번을 망설이며 잘랐어요 꼭 잘라야하나~ 이람서 왠지 담아두고픈.. 파사삭~소리마저 맛나게 잘라지는 파블로바 뭔가 달고나의 비쥬얼이 있는데 일반 빵과 달리 가벼운 식감이랄까? 입에서 맛나게 녹아 달달하게 퍼지는 디저트 함께 내어주신 딸기 청포도 바나나 그래고 잼까지 한입 두입 토핑을 곁들이니 맛도 식감도 시너지가 되네요 으음 맛있오♡♡ 기억에 남을 예쁜 맛집 특별한 음료와 디저트가 있는 연남동 카페 라프하우스 RAFHOUSE 추천합니다:)"
연남동 디저트카페 라프하우스 에서 힙한 디저트 뿌시고 옴!,"머랭롤라드 연남동 디저트카페 라프하우스(Rafhouse) 서울 마포구 동교로32길 10 2층 라프하우스 라프하우스 영업시간 매일 12:00 - 21:00(화요일 휴무) 오랜만에 연남동 데이트를 즐긴 오후, 바람이 세게 불었지만 날이 맑아서 좋았다. 추운데도 연트럴파크에는 여전히 사람이 많았다. 연남동 디저트카페 중에서도 퀄리티 있고 독특한 디저트를 만나볼 수 있는 라프하우스에 다녀왔다 :) 라프하우스 가는 길 연트럴파크 근처에 있는 라프하우스 연트럴파크 근처 조용한 골목 안에 위치한 라프하우스. 지하철로는 홍대입구역 3번 출구에서 나오는 게 가장 빠르다. 잔등재 두루치기라는 고깃집 바로 왼쪽에 있는 골목으로 쭉 들어가면 우측에 위치하고 있다. 라프하우스 입간판을 보고 꺾으면 바로 보이는 계단으로 올라가면 된다. 올라가는 계단에서부터 힙한 기운 뿜뿜 입구에 웨이팅리스트가 있는 걸 보고 카페에 들어가기 전부터 쫄았다! 평일 오후에 방문했는데도 자리가 거의 만석이라 좀만 늦게 왔으면 자리가 없을 뻔했다. 라프하우스 메뉴 파블로바, 다쿠아즈, 말렌카, 롤라드같은 독특한 디저트가 한가득! 라프하우스 메뉴판 라프하우스는 커피 메뉴부터 티, 에이드까지 다양한 음료가 있다. 홍차, 밀크티, 루이보스티처럼 차 종류도 많고 특히 디저트 메뉴가 다른 곳에서는 볼 수 없었던 독특한 것들이 많았다. 호주 대표 디저트로 유명한 파블로바 케이크와 딸기가 올라가는 머랭 롤라드, 말렌카케이크, 다쿠아즈까지. 디저트 메뉴들은 메뉴판에 사진이 같이 있어서 비주얼로 압도함! 아이맥에 메뉴판 띄워놓은 것도 너무 힙한 라프하우스. 마실 걸로는 메뉴판 가장 위에 있는 시그니처 메뉴 라프커피(오렌지비엔나)와 아이스 라떼를 주문하고 머랭롤라드를 먹어 보기로. 라프하우스 디저트는 쉐프 출신 사장님께서 주문할 때마다 바로바로 만들어 판매하신다고 한다. 카페 스티커도 있었는데 하나 챙길 걸 후회ㅠ 말렌카 케이크는 말렌카 케이크 본사에서 정식으로 납품 받는다고. 라프하우스는 디저트에 엄청 정성을 쏟는 곳 같았다. 라프하우스 인테리어, 분위기 인스타 갬성 인테리어, 힙한 소품들이 눈에 띄는 라프하우스는 그레이톤에 철제 소품들로 꾸며 둬서 모던한 느낌을 준다. 통유리창이라 햇볓도 잘 들어서 사진도 잘 나오고 무엇보다 테이블 간격이 너무 가깝지 않아서 마음에 들었다. 다만 천장이 높아서 소리가 좀 울리는 편. 조용한 분위기라기보단 이야기하기 좋은 분위기다. 벽 한 구석에는 돈패닉에서 발행한 아트웍이랑 직접 제작하신 듯한 감각적인 포스터가 꾸며져 있었다. 운 좋게 편한 소파 자리에 앉게 된 우리. 자리마다 멀티탭까지 있어서 세심한 배려까지 느껴졌던. 멀티탭이 사무엘스몰즈 제품이라 힙한 카페 분위기에 한 몫했다. 근데 정작 우리가 충전기를 안 챙겨와서 충전을 못 했는데, 카운터에 아이폰 충전을 부탁드리니 흔쾌히 해 주셔서 다행이었다. 독특한 아크릴 오브제로 꾸며 둔 라프하우스 라프하우스 디저트, 커피 맛 부드러운 머랭 롤라드와 풍미 가득한 커피 조금 기다리니 머랭 롤라드와 라프커피, 아이스 라떼가 나왔다. 비주얼 무엇! 딸기랑 산딸기, 블루베리가 가득 올라간 머랭롤라드는 찍지 않고는 못 배기는 인스타그래머블한 비주얼이었다. 라프하우스의 시그니처 메뉴인 #라프커피 는 아인슈페너(비엔나커피)이지만 오렌지 크림과 건조된 오렌지 칩을 올려서 상큼함까지 더한 메뉴. 예전에 다른 카페에서 오렌지 커피를 마셨던 기억이 났다. 커피랑 오렌지가 의외로 잘 어울리는 조합이라는 거. 머랭롤라드는 그냥 보는 것만으로도 만족감이 들었다! 플레이팅해서 나온 그릇도 핑크색이랑 딸기랑 너무 잘 어울리고, 아기자기 예쁜 비주얼. 너무 예뻐서 먹기가 아까울 정도였다. 라프커피에 들어간 오렌지크림은 오렌지 향이 퍼지면서 부드러웠다. 라프커피 먹을 때 주의점은 크림을 처음부터 확 넘기지 않고 커피랑 양 조절을 잘 해서 먹을 것. 크림을 먼저 다 먹게 되면 오렌지 특유의 씁쓸한 맛만 커피에 남을 수 있다. (먹어본 자의 충고임) 라떼 좋아해서 처음 가는 카페면 꼭 라떼를 시켜보는 편인데, 라프하우스의 라떼는 기대보다 더 만족스러웠다. 적당한 산미의 에스프레소가 우유랑 적절한 비율로 섞여서 고소한 맛이 났다. 사람이 많아서 떠드는 소리가 시끄러울 수 있어요! 동영상은 음소거로 재생하시길 추천합니다. 머랭롤라드는 머랭으로 만들어서 밀가루가 들어가지 않고 식감이 엄청 부드럽다. 겉면에 조금씩 박혀 있는 아몬드랑 머랭 안에 있는 과일을 함께 먹으면 이 곳은 천국! 식감은 엔젤푸드 케이크나 쉬폰이랑 비슷한 정도의 폭신폭신한 식감이다. 적당한 단맛하고 상큼한 과일들이 어우러져서 기분 좋은 맛이 난다. 식후 디저트로 먹기에도 부담 없이 가벼운 디저트. 서울 카페 치고 화장실 편한 곳 찾기 힘든데, 카페 내부에 화장실도 따로 있어서(사진에서 왼편 문) 화장실 걱정도 노노! 맛도 분위기도 편리함도 있는 라프하우스. 달콤한 머랭롤라드랑 라떼 맛이 한동안 생각날 것 같다! 라프하우스 서울특별시 마포구 동교로32길 10 2층 라프하우스 홍대역 연남 근처 디저트와 커피 페어링이 매력적인 이미커피 이미커피 영업시간은 수요일부터 일요일까지, 12:00 - 21:00 요즘 종종 커피든 음식이든 ‘페어링’ 해주는... blog.naver.com 망원동 디저트 맛집 바이어리셔, 클라스가 다른 디저트! 망원 바이어리셔 (BAYERISCHER) #내돈내산 망원동에 디저트 파는 집은 많지만, 바이어리셔만큼 ... blog.naver.com"
"힙한 연남동 디저트 카페 라프하우스, 아몬드크림라떼, 크로와상 맛도 굿~!","위드코로나로 코로나 이전의 일상생활로 한발짝 다가갈 수 있음에 생각난 한곳! 연남동였는데요. 오랜만 집 근방과 다른 곳에서 기분전환도 할 겸 연남동에 콧바람 쐬러 나왔어요. 숲길 산책길로 좋을 그 길 속으로~ 무르익은 가을 정취를 예쁘게 담고 있는 연트럴파크의 산책길은 언제와도 그 계절의 아름다운 풍경을 찐으로 담고 있기에 이따금 콧바람 쐬러 오고프게 만드는것 같아요. ^^ 주택집을 개조해 만든 카페나 음식점들이 연트럴파크 주변으로 쫙 펼쳐져 있어 아름다운 가을 정취도 따뜻한 정감이 묻어나는 건물들도 콧바람 쐬며 둘러보기 좋은 모습들이랍니다. 기분좋게 산책을 마친 후 맛있는 차 한잔도 즐길 생각에 찾은 홍대역 3번 출구에서 5분 정도 걸어 오면 연트럴파크 사거리쪽 2층에 있는 힙한 분위기의 디저트 카페 라프하우스에요. 2층에 있는 카페로 가는 길 오르는 계단이며 센서등까지도 예사롭지 않은 갬성을 담아낸 모습이네요. 파란 색감의 투명함 좋은 아크릴 대기의자가 방긋~! 그 옆으로 우산꽂이도 있어요. 전체적으로 환하고 밝은 톤의 인테리어에 밋밋할 수 있는 벽면을 많은 사람들이 좋아할만한 힙한 감성을 담아내 표현해 노셨네요. 1분 1초 집중해서 공부할 수 있는 카페 공간이 필요한 분들이라면 이 자리 강추! ㅋ 의자 하나 테이블 하나까지도 다른 느낌의 감성들로 담아내서 생각보다 넓게 느껴지는 개방감 좋은 모습의 디저트 카페 라프하우스네요. 가을의 냄새까지 은은하게 느낄 수 있는 국화꽃 운치있게 꽂아 둔 통유리창의 2층 뷰 좋은 명당자리가 비어 있어서 앉을 수 있었어요. 카운터쪽에 있는 모니터 화면을 보고 주문은 하시면 돼요. 다소 생소한 디저트인 파블로바케이크, 말렌카케이크가 유명한 디저트 카페인걸 알고 왔지만 크로플이 먹고 싶었기에 젤 비슷한 맛의 크로와상과 음료로 주문완료~! 편한 대화를 이어가던 중 나온 음료와 디저트~! 크로와상 6,800원 셰프 출신인 사장님께서 모든 디저트를 수제로 직접 만드신다고해 기대한 부분은 있었지만 크로와상에도 이렇게 이쁘고 화려한 플레이팅이 가능한 거였네요. ^^ 선명한 색감의 싱싱해 보이는 과일들이 색감 좋게 올려져 있어 더 먹음직스러워 보이는 크로와상이네요. 안쪽까지도 크림으로 가득 차 있어 크림의 풍부한 맛과 싱싱한 과일의 새콤달콤함 좋은 맛있는 조합의 디저트로, 무엇보다 좋았던건 크로플의 겉바속촉의 맛있는 식감을 라프하우스의 크로와상에서도 완벽하게 느낄 수 있는 맛였어요. 부드러운 크림과 싱싱한 과일을 듬뿍 올린 맛에 겉바속촉의 식감,,, 더 이상의 말이 필요없는 맛이랍니다. 아몬드크림라떼 6,500원 풍부한 크림 위로 땅콩가루와 시나몬가루 가지런히 뿌려 포인트를 준 아몬드크림라떼에요. 기분까지 좋아지는 달콤하고 부드러움 좋은 크림의 맛에 이따끔 크림 위에 올린 땅콩가루의 고소함과 시나몬 가루의 향의 진하게 올라와 맛을 더해주고, 크림의 물릴 수 있는 맛을 잡아주는 쌉싸름한 첫맛에 오래 입속에 남는 고소함 좋은 끝맛으로 아인슈페너와 비슷한 듯 미묘한 차이가 느껴지는 부드럽고 깊이 있는 맛의 아몬드크림라떼였어요. 넓지 않은 카페 안 공간을 감성적인 느낌을 잘 담아 표현된 힙한 분위기의 디저트 카페 라프하우스! 따뜻하고 친절한 사장님도 계시고 플레이팅이 이쁜 맛있는 디저트와 풍부한 향과 맛이 담긴 맛있는 음료도 먹으며 눈과 입이 즐거운 힐링이 보장된 쉬어가기 좋은 연남동 디저트 카페랍니다. 라프하우스 t. 050.71389.7353 open-close. 11:00-21:00(월~목, 일) 11:00-22:00(금,토) 홍대입구역 3번 출구 332m 라프하우스 서울특별시 마포구 동교로32길 10 2층 라프하우스"
연남동 인스타감성카페 라프하우스에서 딸기파블로바🍓밀크티🧉재현도영 포카샷ㅋ찍기ㅋ,"예쁜 카페 찾는 법. 트위터로 찾으면 됨ㅋ 라프하우스는 백현선배님 해시태그로 알게 됨ㅋ 라프하우스 서울특별시 마포구 동교로32길 10 2층 라프하우스 아니 근데 위치를 못찾아서 카페 전화해서 물어봤다. 두번째 골목으로 들어가면 바로 나오는데 이상한 데서 헤맸음..쩝.. 홍대 뜻밖에양꼬치 진짜뜻밖에 들어가서 양꼬치 한판🍢꿔바로우🥢온면 조지기🫕 레알 뜻밖에 들어감. 우리가 양꼬치를 먹을 줄 몰랐답니다. 우린 웨이팅 없이 들어갔는데 다 먹어갈 때 쯤... m.blog.naver.com 1차로 양꼬치 조지고 2차는 카페 😎 9시 너무 빡세다,,,,,, ○|￣|＿ 19시 30분 도착. 어휴 길거리에서 5분 넘게 헤매서 겁나 추웠다. 카페는 2층에 있답니다. 헐. 대박. 우리 말고 두팀 있었는데 그 테이블은 가고 우리까지 총 두팀만 있었다. 조용해서 좋군ㅋ 잠시, 카페 구경 좀 하실게요. 감성 지린다. 아니 이렇게밖에 표현을 못 하다니.. 가구 셀렉을 잘하셨다^^! (쫌 낫다) 이런 북선반. 좋씁니다. 캬.. 뭔 감성인지 알죠. 크흐~ 직원이 치우기 전에 찍은 사진에서 발견한 사건.. 진짜 개오지랖인 거 알겠는데 음료를 저만큼 남겼다니🤭🤭🤭 걍 우리 줘도 될 듯. 포스터를 이런 식으로 붙여도 예쁘네. 참고할게요^^! 라프하우스 커피 음료 디저트 메뉴판 📛라프하우스 안내문📛 📛1인 1음료 📛주말, 공휴일은 노트북 사용 금지 📛웨이팅 있을 경우, 2시간 사용 제한 휴지 앤 물티슈 꺅! 디저트까지 다 오는데 걸린 시간: 22분. 첨봐첨봐 이런 디저트 첨봐 딸기 파블로바 1단 11000원 아이스 아메리카노 5000원 밀크티 7000원 존맛~~~~~ 우와!!! 자를 때 사각사각 소리가 듣기 좋다. 모든 디저트는 전문 조리사가 조리한다고 한다. 파블로바 한번도 안 먹어봐서 궁금쓰~.~ 11000원짜리 침팬지 밥 잘게잘게 다 조져보았어요! 아니 먹을 때마다 자르기 귀찮잖아요. 그래서 친구가 쓱싹 먹기 좋게 잘라주었어요. 착한 친구. 굿걸. 오..! 이런 맛..! 솔직하게 말해볼게요. 그냥 과자 베이스에 생크림 바르고 과일 올린 늒흼~!~! 그리고 딸기가 굉장히 얇아서 맛이 하나도 안났답니다. 그래도 맛있네요^^!! 맛잇는 디저트 멋진 인테리어 감성적인 노래 마지막으로 제일 중요한 소중한 친구 즐거운 디저트 타임이었다. 그 리 고 짜잔 친구가 산리오 마켓에서 사다 준 쿠로미 포카홀더💜 그리고 선물💝 친구는 재현이를 좋아한답니다. 그래서 제가 하나 더 있는 네이처리퍼블릭 한 세트를 줬답니다. 포카샷인데.. 쫌.. 맘에 안듦.. 이건 나름 괜찮쥬~? 사실 이게 내 픽❣️ 이걸로 썸넬하고 싶은데 쫌 oktaku 같아서 걍 평범한 걸로 했다. 국룰. 인생네컷. 언젠가.. 우리.. 또.. 보자!"
"연남동 데이트_카페 라프하우스에서 쫀득한 체코식 초코케이크,석류팬지에이드",작년에 이미지만 얹혀 놓고 저장해 둔 오래된 포스팅ㅋㅋㅋㅋ 이제 마무리 해본다 무려 작년 6월 저장본 3주년이라고 서울데이트 하면서 오마카세 먹고 후식 먹으러 연남동에 왔다지~~ 라프하우스 서울 마포구 동교로32길 10 2층 라프하우스 0507-1389-7353 라프하우스 : 네이버 방문자리뷰 183 · 블로그리뷰 168 naver.me 우리 들어갈 때만 해도 사람 없고 조용해서 잘 골랐다 속삭임ㅋㅋㅋㅋ 에쁘게 입으셨네요 쟁이씨? 아아랑 석류팬지에이드를 시켰었다 따로 주는 팬지시럽을 넣으면 보라색이 되는 마법~ 체코식 초코케이크인 #말렌카케이크 도 시켜서 먹었었당 쫀득쫀득 맛있었음ㅋㅋㅋ 우리 먹는데 손님들 와르르 오셔서 연남동은 다 이렇구나~ 하면서 먹었던 기억이ㅋㅋ 코로나로 없어졌음 어쩌나 했는데 라프하우스 아직 잘 있는 거 같다 올 4주년은 어딜 가볼까아아 미리미리 예약 알아봐야지
연남동카페 라프하우스 : 감각적인 공간에서 디저트와 커피의 여유,"라프하우스 라프하우스 서울특별시 마포구 동교로32길 10 2층 라프하우스 일-목 11:00~21:00 금,토 11:00~22:00 라프하우스(@rafhouse_seoul) • Instagram 사진 및 동영상 팔로워 151명, 팔로잉 1명, 게시물 24개 - 라프하우스(@rafhouse_seoul)님의 Instagram 사진 및 동영상 보기 instagram.com 새로 생긴 연남동 디저트 카페 찾아냈어요! 꺄하, 비오는 일요일 오전에 다녀왔는데 너무 잘 다녀왔다 하고 당일에 바로 쓰기. ✨ 연남동디저트카페 라프하우스는 연트럴파크에서 가깝지만 바로 들어가는 골목 사이에 있어서 또 너무 번잡하지 않고 나름 한적한 느낌이라 좋았어요! 연남동 인파 지옥에서 벗어나 즐기는 갬성카페. 1층과는 또다른 감성을 선사하는 2층뷰. 생각보다 더 넓은 실내에 놀랬어요! 자리도 넉넉하고, 테이블도 넓구요. 불편한 자리가 아니라 또 앉아서 편하게 커피 타임, 디저트 타임 하기 좋은 인테리어였어요. (감성을 빙자한 불편한 테이블, 의자 아니었어요ㅋㅋ) 요즘 예뻐보이는 모듈가구를 포인트로 꾸며진 실내라서 원목, 화이트 톤이 아니라 컬러풀하면서 생기있는 공간이었어요!! 은근 알찼던 디저트메뉴. 고르는 재미가 있겠더라구요. 오기 전에 검색해봤을 때는 팬케이크 같은 파블로바 케이크 먹어보려고 했는데, 마침 딱 어제 개시한 신상 디저트가 있다고해서! 추천받아서 주문해보았어요. 라프라떼 (6.5) 아메리카도 (5.0) 스티키토피푸딩 (7.0) 다쿠와즈 (4..0) 스티키토피푸딩은 영국식 디저트라는데 대추야자?로 만든 디저트래요! 으깬 대추야자가 들어간 스폰지 케이크 위에 뜨거운 토피소스 그리고 차가운 바닐라 아이스크림, 마지막엔 브라운 치즈와 라벤더로 마무리 되는 달콤한 디저트! 주문 완료 후 실내 구경하기. 통일성 있는 듯 없는듯 실내가 너무 감각적임. 4인이 앉을 수 있는 테이블, 좌석들도 있어서 4명까지도 방문할 수 있을 것 같아요! #연남동4인카페 #연남동카페추천 소파 자리는 테이블이 조금 애매하긴 했는데 의자가 워낙 편해서 편하게 앉아서 수다떨기 좋을 것 같았어요. 하지만 해치군이 이런 자리 싫어하기에, 깔끔하게 포기하고 사진으로만 남겨보는 기념샷. 이날의 첫 손님이라 이렇게 사진도 잔뜩 찍었네요. (ㅋㅋ) 이사가면 화이트, 우드보다 자신만의 색을 찾아서 다양하게 꾸며보고 싶어요. 그때까지는 이렇게 예쁜 공간 찾아다니며 대리만족하기.💜 보기엔 불편해보이지만 의외로 편한 의자. 여기 자리들이 다 편해요! 사람 많을 때 와도 아무데나 앉아도 좋을듯? 벽이 통창이라서 햇살 들어오는 날에는 분위기가 너무 좋을 것 같더라구요. 저희는 비오는 날이라 아쉽다..했는데 또 앉아있다보니 비오는 날이라 더 운치있는 분위기 즐길 수 있었음!! 이렇게 실컷 구경하고 있으니 자리로 직접 커피와 디저트 준비해주셨어요. 따닷한 아메리카노와 라프라떼! 라프라떼는 연남동카페 라프하우스의 시그니처 메뉴. 비엔나도 아닌게, 그냥 라떼도 아닌 달달하고 플로럴향이 나는 라떼였어요! 해치군이 너무 맛있다며 맛있게 즐김 :) 비오는 날도 분위기 있죠? 헤헤 영화 보기 전 살짝 서둘러서 일찍 오길 잘했음. #스티키토피푸딩 영국식 디저트라는데 푸딩의 느낌보다는 촉촉하면서 담백한 파운드 케이크? 브라우니의 느낌이랄까!! 완전 새로운 느낌의 디저트였어요. 스펀지케이크라고 하니 푸딩은 영국에서 부른 이름이라 그렇고 우리가 생각하는 푸딩은 아니에요! 차가운 아이스크림과 뜨거운 토피소스의 조합이라니🔥 레몬 다쿠와즈만 주문했는데, 서비스로 흑임자까지 받았어요. 흐흐흐흐 꺄핫 사장님 감사합니다. 💜 다쿠와즈 너무 오랜만이에요. 두근두근 레몬필링을 워낙 좋아하는 저라서 레몬다쿠와즈는 무조건 주문이지 하고 주문한 건데. 여전히 핫한 흑임자까지 맛볼 수 있었던 기회. 접시도 너무 예쁨..? 여기 색감 너무 제 취향저격.. 흑임자는 꼬수운 거 좋아하는 해치에게 선사. 요 새로운 디저트는 해치군이랑 이건 무슨맛이지?하면서 계속 먹었음. 살짝 달달구리하면서 꾸덕한 소스 덕분에 푸딩 자체가 더 촉촉했던 것 같아요! 그리고 그 위의 바닐라 아이스크림이 넘나 고소달달💝 디쉬가 너무 제 취향이라 브랜드 뭔지까지 찍어왔어요. (ㅋㅋㅋㅋ) 분명 어디선가 봤던 그릇들인데!!!! 촉촉하면서도 상큼한 #레몬다쿠와즈 #연남동다쿠와즈 연남동에서 다쿠와즈 파는 카페 많이 못 본 것 같은데 두근두근 사장님이 진짜 센스 있으신게... 디저트가 두 종류라서 커트러리를 2개씩 준비해주신 것 있죠. 사장님들 맛잘알...✨ #흑임자다쿠와즈 #연남동흑임자 흑임자는 정말 한번 디저트계를 강타하더니 크로플만큼 오래가는 키워드가 아닐까 싶어요!! 꼬소한 흑임자 맛이 해치군 입맛에는 딱! 저도 맛봤는데 부드럽고 꼬수운 향과 맛이 확 올라오더라구요. 흑임자 좋아하시는 분들은 꼭 맛보시길! 날이 흐린 날에도 밝은 날에도(아직 밝은 날엔 안가봤지만) 컬러풀하고 활기찬 느낌의 연남동감성카페 라프하우스, 넓고 편한 자리에서 다양한 디저트 맛보실 수 있을 것 같아요. 🥰 사장님도 너무 친절하셔서, 메뉴 설명도 잘 듣구 디저트타임 잘 즐기고 왔지요. ✨✨ 연남동에 좋은 카페가 많지만, 3인이상 방문하기에 적합한 카페는 잘 없어서 고민이었는데 다음에 친구들 모임 때는 연남동카페 라프하우스로 가려구요. : ) 셋 이상이서 연남동 카페 찾으시면 라프하우스 추천합니다! 테이블웨어 구경하는 것도 또하나의 재미! ⓒ2021.krystalcui #홍대카페맛집 #홍대입구디저트 #홍대입구디저트맛집 #홍대입구디저트카페 #홍대입구역카페 #홍대카페 #홍대디저트맛집 #연남동카페 #연남동디저트카페 #홍대입구역디저트맛집 #홍대입구역커피맛집 #홍대커피맛집 #연남동커피맛집 #홍대맛집 #홍대예쁜카페"
"[홍대입구역 맛집] 라프하우스 l 연남동 분위기 좋은 디저트 카페 추천! (내부 분위기, 가격, 시식 후기)","안녕하세요 요람입니다! 오늘은 요즘 2030의 핫플 연남동에 위치한 일명 분좋카, 디저트 카페 '라프하우스'를 다녀왔어요 연남동 디저트 카페 라프하우스는 홍대입구역 3번출구에서 약 도보 5분 거리에 위치해 접근성도 좋고 쉽게 찾아갈 수 있겠더라구요 라프하우스 서울특별시 마포구 동교로32길 10 2층 라프하우스 연트럴파크 사거리 근처에 있는 곳이라 금방 찾으실 수 있어요! 대표님이 쉐프 출신이셔서 모든 디저트가 수제는 물론이고 화려한 플레이팅까지 😍 ! 힙한 분위기의 디저트 카페라는 소문이 자자하더라구요 이런 핫플을 놓칠 수 없는 저 요람이 직접 방문해 봤습니다! ㅎㅎ 라프하우스 간판을 바라보고 서시면 바로 옆에 2층에 위치한 가게로 올라가는 계단이 있어요! 각 층계마다 스티커를 붙여 주셔서 어디인지 바로 알 수 있어 너~~무 좋더라구요 헉 !! 저는 운이 좋아서 바로 매장에 들어갈 수 있었는데 사람 많은 시간대에 방문하면 웨이팅이 있나 봐요 😱😱 방문 예정에 있으신 분들은 꼭 확인해 보시길 추천드립니다!! 짠 ~~ 필요하신 분들을 위해 메뉴판 사진도 첨부해 뒀어요 ( + 와이파이까지!! ) 카페인, 논카페인, 티, 에이드, 디저트로 정말 다양한 종류가 있어 취향에 맞게 고를 수 있고 사장님께 추천 메뉴가 있을까 여쭤 봤더니 너나할 것 없이 잘 나가서 제가 좋아하는 걸로 골라 보라 말씀하시더라구요 🤩 설렘설렘 메뉴 앞에는 귀여운 라프 하우스 시그니쳐 스티커까지!! 공지사항도 있길래 후다닥 찍었습니다!! 주말, 공휴일은 노트북 사용이 안 되고 2시간 이상 착석 금지!!! 방문하실 분들은 꼭꼭 확인합시다 👍 짠!! 제가 주문한 메뉴는 음료 : 체리초코라떼 (6,500) 디저트 : 레몬말렌카 (7,000) 입니다 @.@ 먼저 레몬 말렌카!! 말렌카 케이크는 설탕이나 시럽같은 가당이 아니고 꿀을 사용해 만드셨다고 하세요 그래서 과하지 않고 은은하게 달달한 게 너무 맛있더라구요 ㅠㅠㅠ 완전 취향 저격 뿐만아니라 코코아 가루가 층층이 섞여 있어 먹으면서 기분이 너무 좋았어요!! 위에 흐르는 크림 데코까지 ㅠ.ㅠ ..... 눈으로 1차, 입으로 2차 즐거운 경험이었습니다 그리고 요건 체리초코라떼 !! 이것도 위에 있는 체리가 너무 귀엽지 않나요? ㅠㅠ 먹는 내내 달달한데 과하지 않아서 너무 좋았어요 역시 2층에 통유리 뷰라 그런지 뷰가 훌륭하더라구요!! 이렇게 벽면 디자인도 하나하나 신경 써 주신 티가 구석구석 나고 특히 이 거울!!! 뽀글이 소재로 고르신 게 너무 귀여워요 ㅠㅠㅠ 친구들이랑 맛있게 디저트 먹고 거울샷 찰칵 하기 좋겠죠잉 요기도 앉아서 거울샷 찍기 좋아보이구 소품 배치가 너무 감각적이라 보는 내내 놀랐어요 ㅠ.ㅠ 안뇽 이건 조명일까요?? 너무 예쁜데 바닥에 비치는 것까지 보면 더 예술 ,,, 저희 집에도 하나 두고 싶네요 ㅠㅠㅠ 사소한 플레이팅 하나에도 신경 쓰신 티가 물씬 아 좋다!!!!!!! 마지막으로 짠~~~~~~ 2층 뷰와 함께 한 컷 흑흑... 먹고 온 지 얼마 되지도 않았는데 또 먹고 싶은 이 마음은 뭘까요? ㅠ,ㅠ 레몬 말렌카는 한 입 떴을 때 이런 느낌이에요!! 너무 만족스러웠던 연남동 디저트 카페 '라프하우스' !!! 여러분도 친구와 함께, 가족과 함께, 혹은 남자 친구 여자 친구와 같은 사랑하는 연인과 ㅎㅎㅎㅎ 방문하셔서 좋은 시간 보내고 가셨으면 하는 마음으로 오늘 포스팅을 마치겠습니다! 저 요람은 다음에 더 좋은 포스팅으로 돌아오겠습니다 오늘도 읽어 주셔서 감사합니다 🥰"
[RAFHOUSE] 라프하우스 / 연남동카페,라프하우스 서울특별시 마포구 동교로32길 10 2층 라프하우스 오랜만에 간 연남동~ 이제 위드코로나라 그런가 사람들이 조금씩 늘어난 느낌 요기 살짝 골목 안에 있었다 연남동을 엄청 많이 다녀봤는데 이쪽 골목은 처음 와봤다 큰길 바로 뒤쪽인데 되게 조용하고 뭔가 분위기 있는 느낌이었다 여기 2층에 있는 카페! 1층도 뭔가 인테리어가 신기해서 카페인가 했는데 아마 옷집? 같았다 암튼 건물 자체가 인테리어가 되게 예쁘게 되어있었다 요렇게 입간판이 있어서 알아보기 쉬웠다 요렇게 신기하게 살짝 튀어나온 2층 건물이었다 요렇게 건물 왼쪽에 올라가는 계단이 있었다 올라가는 길도 뭔가 느낌이 아트? 예술적인 느낌이었다 입구! 카운터쪽 느낌! 요즘 유행하는 미드센추리모던 인테리어였다 요즘 인테리어에 관심이 많은데 여기서 좋은 아이디어들을 많이 얻어갈 수 있었다 저 의자는 나혼자산다에 경** 집에 나와서 유명해진 인터넷에 경**의자로 쳐도 많이 나온다 그리고 카운터와 테이블 사이에 문이 있는데 저기가 화장실이다!! 화장실 멀~리 돌아가지 않아도 되서 좋다 메뉴판이 특이하게 애플 컴퓨터 (혹은 모니터)에 있었다 신기방기 패드에 메뉴 주시는 곳은 봤는데 컴퓨터 그대로 되어있는 곳은 처음 봄 메뉴판도 뭔가 느낌이었다 엄마는 커피 따뜻한 아메리카노 나는 코코넛라떼 코코넛라떼는 하는곳이 잘 없는데 있어서 시켰다 ㅎㅎ 아이스도 된다고 하셔서 아이스로!! 스티커도 있는데 스티커도 예뻐서 하나씩 가지고 왔다 ㅎㅎ 물티슈랑 티슈도 스스로 가지고 가면 된다 아래에서 봤을때 특이하게 튀어나온 공간이 있었는데 그 공간도 잘 활용되어 있었다 독특한 테이블과 가구들이 많아서 보는 재미가 있었다 식물들도 진짜였음! 미드센추리모던 느낌이 나는 다양한 의자들이 있었다 테이블이나 의자가 같은 느낌이 아니고 자리마다 다른 느낌이 나서 여러번 와도 다른 자리에 앉으면 다른 곳에 온 느낌이 날 듯 하다 그냥 검은 테이블인거 같아도 다리가 파란색으로 포인트가 있었다 중간에 곰돌이 조형물이랑 뒤에 노란 파란 오브제들이 포인트가 되어주면서 약간의 칸막이 느낌을 하고 있었다 블라인드도 뭔가 느낌있고 뒤에 선반이랑 그림도 예쁘다 그리고 뒤에 보면 콘센트까지도 파랑 노랑으로 전체적인 포인트컬러와 같은 느낌이었다 저런건 어디서 구하시는거지 신기방기 우리가 앉은 자리 저 의자가 등받이가 앞뒤로 조절이 되서 생각보다 편했다! 테이블도 그린그린한 컬러가 넘 이뿜 요즘 유행하는 터프팅 or 펀치니들 거울! 저것도 가지고싶었던지라 눈여겨보았다 포인트가 여러가지 있는데 또 전체적으로는 조화로운 느낌이었다 조명도 특이하니 예뻤다 공간에서 조명이 차지하는게 큰 듯 엄마랑 보면서 전체적인 인테리어가 넘 이쁘고 딱 요즘 히트치고 있는 미드센추리모던 느낌이라 사진을 많이 찍었다 먼저 나온 디저트들! 흑임자 다쿠아즈랑 당근케이크! 당근케이크인데 위에 레몬 제스트가 올라가 있어서 좀 더 상큼한 느낌이 가미되어 있었다 엄마 커피와 내 코코넛라떼 둘다 넘 맛있었다! 인테리어만 예쁘고 맛없으면 어쩌지 했는데 진짜 맛있어서 놀람 다쿠아즈에 귀엽게 눈이 있다 ㅎㅎ 특히나 다른 곳보다 뭔가 디저트가 독특하다고 생각했는데 찾아보니 쉐프출신 ceo가 직접 만드는 수제디저트라고 한다 보통 이런 소규모 카페들은 디저트를 다른 곳에서 받아서 쓰는 곳이 많은데 역시 직접 만들어서 그런가 맛있기도 하고 특색있어서 좋았다 양이 많지 않지만 그래도 음료랑 먹기 딱 좋고 두개 먹으니까 배도 불렀다! 저녁 대신 가볍게 먹어도 좋을 정도 넘 맛있어서 깨끗하게 먹어버렸다 ㅎㅎ 그릇도 넘 이쁨! 넘나 만족스럽게 다녀온 연남동 카페였다
연남동 카페추천 “라프하우스”,"주소 서울 마포구 동교로32길 10 2층 라프하우스 연락처 0507-1389-7353 영업시간 매일 12:00 - 21:00 시그니처로 보이는 딸기파블로바를 주문했다. 우리가 주문한 건 1단 파블로바 메뉴판 1단 딸기파블로바 12,000원 디카페인아메리카노 5,500원 시원하게 들이킨 아아 귀여운 초도 구매할 수 있다. 인테리어도 힙하다 힙해 사실 파블로바가 뭔지 몰라서.. 부서져 버려서 당황했다. 머랭케이크 라고 한다!! 맛있긴 했다ㅎㅎㅎㅎㅎ 잘 놀다 갑니당ㅎㅎㅎㅎ"
"연남동 파블로바 카페 라프하우스 (위치, 가격포함)","라프하우스 서울특별시 마포구 동교로32길 10 2층 라프하우스 예전에 다녀왔던 라프하우스 이때는 블로그 리뷰가 하나도 없어서 블로그 쓰려고 들어간건데 게으름피우다가 이제야 쓰는 후기.. 지금은 벌써 백오십개나 있네 ..ㅎㅎ 내부모습! 크리스마스 시즌에 간거라 크리스마스 장식이 ........ ㅎ 지금 리뷰 쓰기 매우 민망쓰하네요... 메뉴판 파를로바가 1단이랑 2단 있어서 인원수에 따라 크기 선택할 수 있어서 좋다. 다쿠와즈도 맛있을 듯! 비주얼이 예뻤던 석류펜지에이드! 이거 먹으러 옴 ㅋㅋㅋㅋ 예전에 행궁동 호크니카페에서 파블로바 먹고 꽂혀서 그때부터 파블로바만 찾아다니는 파블로프의 개가 되었다.. 호퍼앤호크니, 지나가던 미대생들 취향저격! (위치,메뉴포함) 에드워드 호퍼 & 데이비드 호크니 그림에 들어와 있는 듯 한 인테리어 신선하고 혜자스러운 재료로 만... blog.naver.com 저희처럼 파블로바 꽂히신 분들 계시면 여기를 꼭 가보세요.. 근데 아무튼 여기카페 (라프하우스)는 달고나 빵처럼 표면과 속이 조금 딱딱한 편이었다. 그것은 조금 아쉽지만 과일이 많이 썰어져있어서 좋았다. 끝~"
[연남동 카페/맛집] 라프하우스 카페 & 우아하게,"라프하우스 서울특별시 마포구 동교로32길 10 2층 라프하우스 #연남동카페 #연남카페 #라프하우스 #RAFHOUSE 너무 더웠던 오후, 이른 저녁 먹기 전 시간이 떠서 카페 찾아 헤매다가 들어간 곳 2층으로 올라가는 계단 벽 소주박스 아니구여~ 입구 앞 우산꽂이도 이쁘다. 좌석이 많은 편은 아니지만 자리마다 특색있게 오밀조밀 잘 꾸며놓으신 것 같다. 멀티탭도 귀엽당! 요거슨 #앨리에뜨왈 #실키미니백 영롱하다 민트♥ 안뇽짝꿍☆ 이제 밥먹으러 가자~ 우아하게 서울특별시 마포구 동교로 185 1층 우아하게 #연남동맛집 #연남맛집 #연남동데이트 #우아하게 #우아하게연남 저녁에 걷다가 저 바깥자리에 앉아서 식사하는 사람들을 보고 담에 와봐야지~하고 찜해놨던 곳 너어무 더워서 오늘은 바 자리에 앉기로 한다! 메뉴는 이렇게~ 저 가운데서 쉼없이 구워주신다. 테이블마다 떡갈비 갯수를 어떻게 기억하고 카운팅 하시는지 너무 신기!! 소스랑 물 등등이 있는 셀프바 예쁜 잔들이 벽면에 쪼르르 히히 하이볼 빼먹을 수 없어용~ 요것이 기본 정식 반찬...! 밥이랑 국 리필가능 개꿀★ 저렇게 텁텁 하나씩 올려주신다. 나오자마자 따끈하게 뇸 버섯도 추가해서 먹었지~ 둘이서 5피쓰 먹으니 의외로 든든했다. 정갈한 한식 다이닝펍을 찾으신다면 강추 아주 깔끔하고 맛있었다. with 앨리에뜨왈 https://www.instagram.com/allie_etoile_/ 앨리에뜨왈(@allie_etoile_) • Instagram 사진 및 동영상 팔로워 255명, 팔로잉 56명, 게시물 18개 - 앨리에뜨왈(@allie_etoile_)님의 Instagram 사진 및 동영상 보기 www.instagram.com"
"서울 홍대) 연남동 디저트 카페추천 ""라프하우스"" / 파블로바케이크 맛집","라프하우스 서울특별시 마포구 동교로32길 10 2층 라프하우스 연락처 0507-1389-7353 주소 서울 마포구 동교로32길 10 2층 라프하우스 영업시간 월~일 11:00 - 21:00 금~토 11:00 - 22:00 라프하우스(@rafhouse_seoul) • Instagram 사진 및 동영상 팔로워 152명, 팔로잉 1명, 게시물 17개 - 라프하우스(@rafhouse_seoul)님의 Instagram 사진 및 동영상 보기 www.instagram.com 연남동 연트럴파크쪽에 새로 생긴 카페 라프하우스에 갔다왔다 ^-^ 디저트가 맛있기로 유명해서 한껏 기대하고 갔는데 넘 맛있고 직원분들도 친절하셔서 더 기분좋았던 곳 ♡ 연트럴파크여서 찾기는 쉬운데 2층에 있어서 못보고 지나칠 수도 있는데 ㅠ_ㅠ 요런 입간판이 보이면 살짝쿵 고개를 들어주세욧!! 1층에는 의류매장이 있고 2층에 라프하우스가 있답니당 ㅎㅅㅎ~~ 새로 지은 깔끔한 건물에다 특이한 구조로 되어있어서 더욱 유니크했던 라프하우스 ㅎㅎㅎ 계단을 올라오면 이렇게 힙한 raf house 포토존이 있다. 옷이 전혀 힙하지 않아서 우린 힙한 느낌의 포토존에서 사진은 찍지 않았다. 하지만,,, 후레쉬 터트려가지구 느낌있게 찍으면 hip한 느낌 물씬 날 것 같다. 메뉴 우리는 라프라떼(시그니처)와 아몬드크림라떼, 그리고 파블로바케이크를 주문했다. 라프라떼는 라떼 위에 오렌지맛 크림이 올라간 시그니처 커피인데 어디서도 들어보지 못했던 라떼와 오렌지크림의 조합이라 안시켜볼 수 없었다. 파블로바케이크는 가장 인기 많은 디저트 중 하나라 시켜보았는데 세상.. 이렇게 맛있는 디저트 머리털나고 처음 먹어봄 ㅠ 카페 내부 테이블이랑 의자가 각각 다양한 모양이어서 독특했던 라프하우스. 홍대 카페에 온 느낌이 물씬 났다 ㅋㅋㅋㅋㅋ 우리는 길다란 테이블이 있는 이 자리 찜꽁하고 앉았다. 테이블이 넓어서 디저트 먹기에도 편하고 장미랑 뒤에 식물 화분이 있어서 전체적으로는 모던했지만 생기있는 느낌이었다. 터프팅거울과 러그로 인테리어에 포인트를 주고 시원해보이는 포스터액자가 시선을 사로잡았다. 내가 평소에 접해보지 않던 느낌이라 더욱 신선한 느낌이었다. 요즘 유행하는 터프팅거울 ~.~ 뭔가 러그에 거울이 쏙 들어가 있는 것 같아서 더 귀욤깜찍했던 거울이다. 그냥 얼굴 다 나오게 찍는 것 보다는 거울 셀카를 좋아하는 편인데, 라프하우스에는 거울이 많아서 좋았다 ^ㅠ^ 요기도 깨알 거울이 숨어있는데, 뭔가 어릴때 풍선아트로 만들어주던 그런 풍선같이 생김ㅋ.ㅋ 요 파랭이 곰돌이 블럭을 뭐라고 하더라 .. 소품 하나하나 요즘 젊은이 갬성이 느껴지던 곳이었다. 깔끔 모던 그 자체였던 라프하우스. 요즘 유행한다는 홀로그램 인테리어소품이 카페를 좀 더 특색있는 공간으로 만들어주었다. 내 시선을 이끌었던 귀여운 밀집모자 쓴 선인장 넘 귀여워ㅠ_ㅠ 조금 삭막해보일 수 있는 느낌인데도 불구하고 이렇게 테이블에 생화가 있어서 더욱 맘에 들었다. 생화 관리가 어려워 보통 조화를 많이 두시는데, 이렇게 조그마한 정성과 노력이 들어가는 포인트를 볼 때 그 카페에 대한 애정도가 올라가는 듯 하다. 넘 청초한 데이지 (맞나.?,,,)와 장미꽃 넘 귀염뽀짝해서 취향저격 !! 주문한 메뉴 솔직히 라프라떼가 나오기 전까지만 해도 오렌지맛 크림이라길래 크림이 오렌지색이겠거니 했는데, 육안으로 봤을때 어떤게 라프라떼인지 못알아봤다. 크림 위에 라프하우스 적혀있는 커피가 라프라떼인데, 크림라떼 비주얼인데 진짜 신기하게 오렌지 맛이 난다!!! 진짜 처음먹어보는 신기한 맛이었는데 그게 신선하고 또 맛있었다. 역시 시그니처는 시그니처야 ... 아 물론 아몬드크림라떼는 말해뭐해 .. 고소한 아몬드 향 가득하고 쫀득한 크림이 가득 올라가서 찐하고 달달하니 고소한 라떼였다 ♡ 좀 힙한 분위기의 카페는 커피가 별로일거라는 편견을 가지고 있었는데 이번에 편견 확 깨고왔다 ㅋ.ㅋ 뒤이어나온 파블로바케이크! 얘는 제철과일이 토핑된 머랭케이크인데 망고, 포도 그리고 골드키위 토핑중에서 선택할 수 있다. 내가 망고를 별로 안좋아해서 선택한 골드키위. 파블로바케이크 라는것을 처음 알게 되었는데, 새로운 디저트 맛에 눈을 떴다. 큰일이다 큰일이야 .... 달콤하고 부드러운 머랭과 마스카포네치즈크림 그리고 상콤한 골드키위와 달달한 바나나의 조합이 진짜 기가 막힌다.. 한입 먹었는데요 ...그냥 사라짐.. 녹아서 없어져버렸따 ... 주르륵 진짜 넘 맛있어서 ㅠㅠㅠㅠㅠ 여기는 또 가서 먹을 예정이다. 슥삭슥삭 서걱서걱 잘라서 반으로 딱 가르면 크림과 바나나가 켜켜이 쌓여있다. 크흡... 난 머랭이 이렇게 맛있는건줄 몰랐지... 파블로바케이크 매장에서 직접 만들어서 내주시는데 이거 어케 만드는건가요 ....ㅠㅠ 커피도 진짜 맛있고 디저트도 짱이었던 연남동 카페 라프하우스!! 재방문의사 200% 라 이번주에 친구 만나면 같이 가자고 할 예정이다 ^-^ 라프하우스 방문하시면 꼭! 파블로바케이크와 라프라떼는 드셔보세용 ♡ #홍대카페맛집 #홍대입구디저트 #홍대입구디저트맛집 #홍대입구디저트카페 #홍대입구역카페 #홍대카페 #홍대디저트맛집 #연남동카페 #연남동디저트카페 #홍대입구역디저트맛집 #홍대입구역커피맛집 #홍대커피맛집 #연남동커피맛집 #홍대예쁜카페"
연남동카페 라프하우스(RAFHOUSE) / 파블로바가 맛있었던 라프하우스,"라프하우스 연남동 카페 라프하우스는 파블로바 사진을 보고 가게됐다 슈가파우더와 생크림이 듬뿍 뿌려져 있고 과일이 가득가득 올라가있는 사진을 보고 시각적으로 사로잡혔다 2층에 위치해 있는데 올라가는 계단 벽면에 밝은회색톤에 흑백 포스터들과 금장 조명들로 시작해 새파란 벽에 RAF가 다양한 색으로 여기저기 패턴없이 다양하게 흐트러져있는게 힙하게 느껴졌다 2층 유리문 입구에 깔끔한 라프하우스 로고까지 완벽 라프하우스 메뉴 메뉴판이 맥..?인가보다 디저트 색감 너무 예뻤다 라프하우스메뉴는 디저트 4가지와 음료로 구성돼있다 우리가 고른 메뉴는 파블로바(11.0),석류팬지에이드(6.5),청귤에이드(6.5) 세가지다 주문하는곳 앞에 스티커가 있었는데 핸드폰 투명케이스 안에 넣어서 꾸미면 힙하고 잘 어울릴듯하다 처음엔 이 자리밖에 안남아서 여기 앉았는데 배치가 의자 정면에 거울이 있어서 당황스러웠다ㅋㅋㅋ 그래도 얼굴이 보일만한 위치는 아니라서 그냥저냥 앉으려다가 테이블로 쓸만한 저 나무가구가 의자보다 낮아서 불편할것같았다 ㅎ 옆에 테이블에 자리가 나서 호다닥 자리를 옮겼다 벽에 카페의 분위기가 담긴 포스터들이 붙어있었다 나는 저 출렁이는 물사진 위에 IDONTLIKE이라는 문구가 쓰여진 포스터가 맘에 들었다 가게 곳곳에 아더 곰돌이가 몇개 있었는데 벽에도 곰돌이가있다 귀엽 가만보면 색이 다채로운데 어지럽지 않게 잘 배치한것같다 석류팬지에이드 석류팬지에이드는 석류시럽이 아래쪽에 깔린채로 깔끔하게 나오고 옆에 시럽을 넣어 섞어마시면 된다 시럽은 팬지시럽인데 포도같은 향이 난다 친구가 먹은 청귤에이드는 유자맛이 난다고 했던것같다 팬지시럽을 넣으니 색깔이 확 변하면서 맛도 확 변했다 저 이름 모를 허브와 색이 변한 에이드가 예뻤다 파블로바 크으으으 파블로바 진짜 비주얼이 넘 예쁘다 예술같다 과일이 색색별로 다채롭고 맛도 다채롭게 밸런스가 좋고 파블로바 위와 속에 얹어져있는 생크림이 엄청 부드럽고 적당히 달콤해 마구마구 퍼먹고싶었다 생크림 리필하고 싶은정도,, 좋아하는 과일들이 촤라라 올라가있으니까 기분이 좋다 파블로바 자체도 바삭하니 맛있었다 역시 머랭은 이렇게 먹어야해🤪 아무 계절에나 와도 이렇게 똑같은 플레이팅일진 모르겠다! 무화과 요새도 나오나보다 무화과넘조아 ㅠ ㅠ 파블로바 먹으러 또 올것같다 싹싹 긁어서 다 먹었다 현대적이고 깔끔모던한 인테리어와 트렌디한 감성을 찾는다면 추천! 곳곳에 인테리어 소품들도 깔끔하고 귀여웠다 웨이팅도 거의 없는듯해서 편하게 들리기 좋고 다른 카페에 비해 가격도 괜찮은 편이다 라프하우스 영업시간 일-목 11:00-21:00 금토 11:00-22:00"
"[연남동 케이크] 연남 디저트 카페 라프하우스 파블로바 케이크 찐후기(feat. 다이소 생일파티, 다이소 홈파티, 홍대카페추천, 홍대디저트카페, 홍대케이크, 연남동 생일케이크)","매년 2월 쯤 되면 하는 생일파티ㅎㅎ 진짜 신기하게 다 생일에 0321만 들어가고 생일이 비슷비슷해서 연례행사처럼 한다ㅋㅋㅋ 올해는 홍대에서 생일파티를 하기로 했다! 생일 케이크가 빠질 수 없지!ㅋㅋㅋㅋㅋㅋ 이번에 우리가 주문한 케이크는 연남 디저트카페 라프하우스 케이크로 파블로바 케이크다! 그 쉬폰(?) 맞나 여튼 그런 빵이 아니라 마카롱에 들어가는 머랭으로 만들어진 케이크라서 나처럼 빵을 느끼한 걸 별로 안좋아하면 엄청 좋아할 케이크다!! 라프하우스 파블로바 케이크는 예쁘기도 하고 맛도 좋아서 파티할 때 딱인 듯?ㅎㅎ 이건 다이소 용품으로 생일파티한건데 이번에 좀 예뻤다~^^ 귀여운 우리들,, 다들 자기 예쁘게 나오겠다고ㅋㅋㅋㅋㅋ 다이소 생일 풍선이랑 다이소 프린세스 세트, 가랜드랑 펑 터뜨리는 파티용품까지 하니깐 엄청 저렴하게 예쁘게 생일파티 할 수 있었다! 올해 첫 번째 생일파티 성공적,, 한달이나 빠른,, 꺄르륵~! 생일파티 늙어서 힘 없어질 때까지는 계속 해야지ㅎㅎㅎ 아 파블로바 케이크는 다만 자르기가 힘들어서 칼은 필수일 것 같고 과일은 아주 싱싱한데 저 위에 보이는게 다라서 엄청 많이 들어있지는 않다는 점~~ 점점 발전하는 파티 실력ㅋㅋㅋㅋㅋㅋ 나랑 사진찍어서 행복한 고셜이랑~^^ ㅋㅋㅋㅋㅋㅋㅋㅋㅋㅋㅋㅋㅋ 내가 우리 사진케미 좋다고 했더니 극구 부정하는 고셜,, 하지만 맞잖아?ㅋㅋㅋㅋㅋ 여튼 올해도 행복한 생일파티 끝~! 홍대 케이크 찾는다면 특이하고 예쁜 라프하우스 파블로바 케이크 추천! 우리는 딸기망고로 했고 라프하우스 파블로바 홀케이크 가격은 6만원 임니당~! 예약은 카카오채널로 가능!! 라프하우스 서울특별시 마포구 동교로32길 10 2층 라프하우스"
[ 홍대 카페 / 연남동 카페 ] 파블로바 파는 분위기 좋은 카페 _ 라프하우스 RAF HOUSE,"평화연남 갔다가 디저트 먹기 위해 찾은 연남동 카페 라프하우스 (raf house) 연남동 카페 라프하우스 밥먹고 나오면서 급하게 찾은 곳이라 자세히 찾아본 게 아니었는데 인테리어가 전시회같이 깔끔하고 예뻐서 마음에 쏙 들었어요 ~ 저는 차가운 분위기보다는 따뜻한 분위기의 카페 인테리어를 선호하는 편이라 우드톤 카페를 좋아하는데 연남동 카페 라프하우스의 경우, 차가운 분위기에 속하는 카페인데도 마음에 들더라구요 ㅎㅎ 연남동카페 라프하우스 메뉴판 연남동카페 라프하우스 메뉴 석류팬지에이드, 라프라떼 파블로바를 주문해봤어요 라프라떼는 오렌지라떼라고 생각하시면 될 것 같아요 ~ 파블로바는 망고와 블루베리 중에서 선택이 가능합니다 :-) 카운터에 라프하우스 스티커도 있었는데 친구가 가져와서 케이스에 붙이더라구요 스티커 깔끔하니 예뻐서 케이스에 붙여도 예뻤어요 !! 연남동 카페 라프하우스 창가 쪽 자리가 특히 예쁘다고 느껴졌던게 뷰가 엄청 예쁜 건 아닌데 창이 되게 특이해서 개방감 있고 예쁘게 느껴지더라구요~~ 블루톤의 의자도 포인트 되고 예뻤어요 연남동카페 라프하우스 연남동카페 라프하우스 주문한 메뉴는 자리로 가져다 주셨는데 사장님 플레이팅학과 나오신게 분명해요! 플레이팅 대대대 존예,, 원래도 음식 사진 찍는 거 좋아하긴 하지만 사진을 안찍을 수가 없는 비주얼이었습니다. 홍대 라프하우스 파블로바 홍대 라프하우스 파블로바 크림이 되게 맛있었고 과일이 다양하게 들어있어 맛있었습니다 한가지 아쉬웠던 건 파블로바에서 바삭함과 쫄깃함의 비율을 중시하는데 바삭함 70 쫄깃한 30의 느낌이라 쫄깃한 느낌이 좀더 강하면 좋겠다 싶었어요 홍대 라프하우스 라프라떼 홍대 라프하우스 라프라떼 라프라떼는 오렌지크림이 올라간 메뉴예요 다른 카페에서 오렌지크림 올라간 커피 먹고 그렇게 맛있다고 느끼진 않았는데, 라프하우스 오렌지크림은 커피랑 잘어울렸어요 인위적이지 않은 맛이라 크림이 맛있었고 상큼한 맛이 커피랑 어우러지니 맛나더라구요! 홍대카페 라프하우스 석류팬지에이드 홍대카페 라프하우스 석류팬지에이드 연남동카페 라프하우스에서 제일 추천하고 싶은 메뉴는 이 석류팬지 에이드입니다. 상큼달달해서 맛있고 안에 젤리도 들어가 있더라구요 ~ 석류팬지에이드 팬지시럽은 따로 부을 수 있게 주시는데 시럽을 부을 때, 붓고 나서 음료 비주얼도 너무 예뻤어요 ~~ 카페인테리어, 메뉴 플레이팅 봤을 때 사장님이 미술 관련 일 하시는게 아닌가 싶더라구요 ㅎㅎ 미적감각이 굳,,! 연남동 카페 라프하우스 깔끔하고 분위기 좋아서 재방문의사 완전 있습니다 라프하우스 서울특별시 마포구 동교로32길 10 2층 라프하우스 . . . #연남동카페 #라프하우스 #연남동디저트 #홍대카페 #연남동파블로바 #홍대파블로바"
"돼지파티 in 연남동 :: 솔솥 연남점, 라프하우스, 뉴오더클럽","2월 11일 토요일 이번에도 하루종일(?) 먹부림을 했다..! ㅋㅋㅋ 정말 돼지런한 나란 돼지🐷 친구들이랑 어제 저녁에 만나서 호스텔에서 치킨이랑 떡볶이 시켜서 잔뜩 먹고 오늘은 맛집으로^,^ 솔솥 솔솥 연남점 서울특별시 마포구 동교로38길 35 지1층 2호, 3호 호스텔 체크아웃이 11시였고 솔솥 오픈 시간이 11시 30분이라 그냥 가서 기다렸다 ㅋㅋㅋ 기다리고 있으니까 직원분께서 대표자 이름이랑 인원수, 메뉴를 적어가셨음! 우리는 네 명 다같이 스테이크 덮밥으로 통일 ㅎ_ㅎ 식당 내부는 좁은 편이당 나무식기여서 솥밥이랑 잘 어울린다고 생각했다 누룽지가 무슨 용도일까 했는데 먹을 때 솥에서 밥 비비고 옆 그릇으로 옮긴 다음에 3스푼 정도 넣고 육수 부어서 먹으면 된다고 하셨다. (음식 나올 때 설명 해주심) 샐러드에 드레싱이 없어서 아쉬웠다,,☆ 개인적으로는 오리엔탈 드레싱 있어도 괜찮을 것 같았다! 만들기도 쉽고 반찬으로도 잘 어울리는 느낌이랄까..! 근데 뭐 드레싱은 호불호 갈리니까ㅠㅠ 15,000원 비주얼은 진짜 최고였음 밥은 삼삼하니 딱 내가 좋아하는 맛이어서 너무 좋았다! 스테이크 소스랑 같이 비비는건진 모르겠는데 나는 안 넣고 그냥 먹는 게 맛있어서 소스는 따로 찍어먹었다 ㅋㅅㅋ 소스가 많이 짜니 주의..★ But,, 사실 개인적으로 고기에서 쪼꼼.. 냄새가 나서 아쉬웠다. 그런데 친구들은 맛있게 먹었다고 하는 거 보면 내가 이상하게 느꼈을 수도 있움! 고추냉이랑 같이 먹으면 냄새 안 느껴져서 다 먹긴 함ㅋㅋㅋㅋ 그리고 버터 때문인지 고기 기름 때문인지 누룽지 먹을 때도 음,,! ㅋㅋㅋㅋ ㅠㅠ 내가 누룽지는 담백한 맛을 좋아하나보다 그래도 메인인(?) 밥이 맛있어서 뭐.. 쏘쏘 근데 재방문은 안 할 것 같다 큼큼 다 먹고 계산하면 후식으로 요구르트를 주신다. 이제 찐 후식 고고 라프하우스 라프하우스 서울특별시 마포구 동교로32길 10 2층 라프하우스 밥을 워낙 일찍 먹어서 우리가 첫 손님이었다! ㅋㅋㅋ 그래서 여유있게 가게 사진을 찍을 수 있었당 곰돌이로 친구 가림 ㅎ 소품 하나하나 다 예뻐서 좋았다🧸 카운터에 스티커도 있어서 하나씩 가져왔다 ㅎ,ㅎ 아 디저트는 파블로바 1단이랑 말렌카케이크를 주문! 난 너무 궁금해. 코스터 직접 만드신걸까? 코바늘로 뜬 것 같은데 나도 떠보고 싶어짐.. 존귀탱이었다ㅠㅠ 음료는 아이스 아메리카노를 마셨다. 라프커피.. 크림 맛있어보이던데 마셔봤어야 했나 두구두구 디저트가 두둥! 말렌카 케이크는 초코랑 레몬 중에 고를 수 있는데 우리는 레몬으로 골랐다. 초코를 먹어보진 못했지만 레몬하길 잘 한 느낌?! 진짜 쫀득하니 맛있었다!!!!!!😋😋😋 파블로바 1단 파블로바 처음 먹어봐서 진짜 기대했는데 🤩기대 이상이었다🤩 난 내가 머랭 안 좋아하는 줄 알았지~!! 그냥 맛없는 머랭을 싫어하네 ㅋ ㅋ 바삭한 머랭이랑 달달한 크림이랑 과일까지 아주 환상의 궁합ㅠㅠㅠ 다들 이건 꼭 먹어봤으면 좋겠다ㅠㅠㅠㅠㅠㅠㅠㅠㅠ 존맛탱‼️‼️‼️ 친구에게 치얼스.. 너무 맛있었다!! 그러나 여기서 끝나면 돼지파티가 아니지,, 피자집을 또 갔다. 뉴오더클럽 뉴오더클럽 서울특별시 마포구 동교로34길 3 우리 앞에 웨이팅이 9팀 정도 있었는데 생각보다 빨리 회전이 돼서 금방 들어갔다. 한 30분 걸렸나..? 더 적었나 확실하진 않음 바로 앞에 쥬얼리샵 구경하다가 들어갔다 ㅎ,ㅎ 나이프에 PIZZA 써있는 거 너무 귀여움ㅋㅋㅋ 28,000원 하프앤하프 라지로 포테이토랑 치킨텐더! 감자튀김이 달달하고 바삭해서 맛있었다😝 근데 난 케찹에 찍어먹고 싶다는 생각이 넘 강했닼ㅋㅋ 맨날 감자튀김 케찹에 찍어먹어서 그런가? 치킨텐더는 그냥저냥 쏘쏘! 집 올 때 우등버스 탔는데 무슨... 의자가 몸에 챡! 감겨서 너무 편하게 왔다. 비싼 값 하는구먼^.^= 아무튼 오늘도.. 돼지파티는 성공적.. 🐷🐷🐷🐷🐷"
"[민슐랭] 서울 숨은 맛집 추천 :: 안암, 연남동, 익선동, 보문, 신사 [미뇽, 라프하우스, 오죽이네, 보리수, 신사치킨클럽]","방학이 돼서 서울에 올라오는 친구들이 많은 만큼, 서울 여행에 도움이 될 수 있는 글을 써보려해요 ~ 여행에 맛있는 게 빠질 수 없잖아요 ⛰ 금강산도 식.후.경 ⛰ (사실 원래 블챌 글로 적으려 했는데 너무 취지가 다르고 경주에 너무 빠져버렸어) "" 서울 맛집 "" 1. 브런치 카페, 미뇽 --- 서울 동대문구 제기로2길 4 2층 월~금 10:00 ~ 15:00 토, 일 10:00 ~ 17:00 (인스타엔 매일 10:00 ~ 15:30 영업이라고 나와있음) @mignon_brunch_bar --- 안암의 자랑스러운 브런치 카페 🍽 메뉴판 사진은 못 찍은 관계로 밑에 네이버 지도 참고해줘 <추천메뉴> ♥ 브리오슈 프렌치토스트 🍞 ♥ 에그인헬 🥚 ♥ 페스토치킨 파니니 🍗 ♥ 시그니처 바나나브레드 🍌 유럽 느낌 나 여긴 정말 나중에 글 하나 따로 써야지 그니까 여기서 구체적으로 안 쓸거야 미뇽에서 생일 파티하는 사람도 꽤 있어 저번에 친구 생일 때 사장님께 미리 연락해서 생일 케이크 불 붙여도 되냐고 허락 받았었어 @mignon_brunch_bar 미뇽 서울특별시 동대문구 제기로2길 4 2층 2. 라프하우스 --- 서울 마포구 동교로32길 10 2층 월~일 12:00 ~ 21:00 @rafhouse_seoul --- 연남동 러버의 마음을 저격한 카페 <메뉴판> @rafhouse_seoul <추천메뉴> ♥ 파블로바 케이크 비쥬얼부터 장난 없지 : 여기 가면 파블로바 케이크 꼭 먹어 아마 계절마다 파블로바 케이크에 올라가는 과일이 달라질텐데 내가 먹은 딸기 파블로바는 진심 눈이 2배가 되는 맛이었어 저번에 1단 케이크를 먹은게 아쉬울 정도 2단을 먹었어야 했는데..!! 입에서 녹아 사라져 ~ 한 눈 팔면 없어 꼭 정신차리고 먹길 🍓🍓🍓 @rafhouse_seoul 라프하우스 서울특별시 마포구 동교로32길 10 2층 라프하우스 3. 오죽이네 --- 서울 종로구 돈화문로11가길 25 월~금 11:30 ~ 22:00 토 12:00 ~ 22:00 일 정기 휴무 (브레이크 타임: 15:00 ~ 16:00) @o_jugi --- 여긴 다나가 추천한 익선동 맛집! 이런 한식집 짱 좋아해,, <메뉴판> <추천메뉴> ♥ 닭매운탕 + 볶음밥 (놀랍게도 찍은 사진 없음 근데 진심 맛있어) : 마무리 볶음밥은 안 먹으면 유죄야.. 한 번 갔는데도 여기가 계속 머리에서 맴돌아 갈 사람 나랑 같이 가자 (나 질투 짱 많아) @o_jugi 오죽이네 서울특별시 종로구 돈화문로11가길 25 4. 보리수 --- 서울 성북구 고려대로8길 25 1층 월, 수~일 11:00 ~ 22:00 화 정기 휴무 @kafe_borisoo --- 선배님 덕분에 알게 된 보문 카페 내가 애정하는 카페야 ♥ 📸 오픈한지 얼마 안 돼서 아마 아는 사람은 많이 없을듯 분위기부터 메뉴 구성, 인테리어까지 완벽 심지어 사장님도 친절하시고 멋있으셔 인스타에 매주 일정이 안내되어 있으니 참고하슈 <메뉴판> 귀여운 감성이 드러나는 메뉴판 <추천메뉴> ♥ 계란샌드위치 (나중에 가서 바나나 토스트 먹어야징) 조용하게 얘기하거나 과제하기 딱 좋아,, 카공 좋아하는 사람 나를 여기로 불러 @kafe_borisoo 보리수 서울특별시 성북구 고려대로8길 25 1층 5. 신사치킨클럽 --- 서울 강남구 강남대로162길 40 1층 월~일 12:00 ~ 21:00 점심 라스트 오더 14:30 저녁 라스트 오더 20:00 (월~금 브레이크타임 15:00 ~ 17:00) @sinsa_chicken_club --- 여긴 선배님이 밥약해주신 곳,, 처음 약속 장소를 여기로 잡았는데 신사를 잘 아시는 분이라서 이곳저곳 핫플을 많이 데려다주셨어 (선배님 감사해요) <메뉴판> <추천메뉴> ♥ 마라 치킨 샐러드 🐓 (여기 가서 치킨에 하이볼 한 잔 하면 분위기 짱이야 얘들아) @sinsa_chicken_club 신사치킨클럽 서울특별시 강남구 강남대로162길 40 1층 더 생각나면 추가하겠슴둥 서울의 숨은 맛집을 알아가셨길 바라며 더 열심히 맛집을 탐방하는 민슐랭이 되겠슴다 ✨"
"RAFHOUSE 라프하우스/연남동 디저트 카페, 파블로바 케이크","관련정보는 다른 멋진 블로그에 많기때무네 나는 그냥 내가 올리고싶은 사진만 디립다올리고 튀어야지 암튼 여긴 약간 이런 미드센츄리 모던갬성 오케이? 젤유명한 디저트, 파블로바 케이크 시켜봄 약간 케이크라기보단 그 뭐랄까 머랭.. 그 설탕 파사삭하는 식감이라서 뭔가 먹었지만 먹지않았습니다~ 느낌 위치는 아래에! 라프하우스 서울특별시 마포구 동교로32길 10 2층 라프하우스 끝."
"홍대 라프하우스, 연남동에서 갬성카페의 힙을 만나다","안녕하세용! 앞선 친구와 만나 홍대투어를 하는 중이에요. 지금은 두번째, 카페에 왔어요! 약간 갬성카페 느낌이에요! 사장님두 힙 하시구 느낌 너므 조앗 카운터에 가면 갬성 스티커가 있고 갬성 메뉴판이 있다. 들어가는 입구는 약간 덩크한 느낌 우리는 파블로바를 주문했다 (11,000원) 그리고 자몽에이드(6,500원)와 라떼(5,500원) 카페 내부는 대충 이러해요. 제가 너무 대충 찍었나봐유 🥲 사람이 안많았는데 점점 많아졌어요! 그래서 꽉꽉 찼답니당. 화장실도 깰꼼하구 전체적으로 맘에들었어요. 다음에 또 홍대오면 이 코스 그대로 오고싶어요! 만족도가 뿜뿜 백프로에요 소히랑 주요니 담에 또 올게요 사장님 ! 라프하우스 서울특별시 마포구 동교로32길 10 2층 라프하우스"
"연남동 카페, 라프하우스","라프하우스 영업시간 매일 12시 - 21시 주소 서울 마포구 동교로32길 10 2층 라프하우스 전화 0507-1389-7353 안녕하세요:) 연남동에 위치한 연남동 파블로바 맛집 “라프하우스” 리뷰해 볼게요 ꙳꒰ ੭⑅•͈ ·̮ •͈꒱੭ 라프하우스는 홍대입구역 3번출구에서 도보로 5분거리에 위치해 있어요! 건물 2층에 위치하고 있기 때문에, 건물 옆 계단을 이용해 올라가 주시면 되요! 가게 앞에는 웨이팅 리스트도 있더라구요!! 저희는 평일 저녁 늦은 시간 방문해서 그런지 웨이팅 없이 입장할수 있었지만, 사람이 몰리는 피크시간대는 웨이팅이 있을수도 있다고 합니다:) 카페 내부는 힙하고 모던한 느낌이었어요! 곳곳에 거울을 인테리어 해두셔서 사진찍기 딱이더라구요 (๓° ˘ °๓)♡ 내부가 은근 넓어서 테이블간 간격도 널찍해서 좋았어요:-) 대부분 2인석이었는데 짐 올려둘수 있는 작은 의자들을 하나씩 더 두셔서 사장님 센스를 느낄수 있는 부분이었습니다! (*˘◡˘*) 라프하우스 메뉴 자리를 잡고 이제 메뉴 주문을 해봅시다! 음료는 커피, 에이드, 티 종류 뿐만 아니라 간단히 즐길수 있는 하이볼, 칵테일 종류들도 판매 하고 계시더라구요:) 디저트는 라프하우스의 시그니처인 파블로바 두가지와 머랭 롤라드, 케이크, 페스츄리 종류도 있었어요! 파블로바 케이크는 주문제작이 가능하다고 하니 아래 주문 링크 걸어둘게요! ❛‿˂̵✧ 디저트 카페다 보니 귀여운초들도 함께 판매하고 계셨습니다! ⸜(♡'ᗜ'♡)⸝ * 디저트는 주문 즉시 플레이팅이 들어가기 때문에 메뉴 완성까지 10분 - 15분 정도 걸린다고 합니다! 주말 및 공휴일은 노트북 사용을 금한다고 하니 이부분도 참고해주세요! *.☆⸜(⑉˙ᗜ˙⑉)⸝♡.* 주문한 음료와 파블로바 등장! ( ´╹ᗜ╹`*) 직원분께서 직접 자리로 가져다 주셔서 좋았어용 ㅎㅎ 10 - 15분 정도 걸린다고 하셨는데 생각보다 빨리 나온것 같은 느낌이었어요 석류팬지에이드 (6,500원) 석류팬지에이드는 작은 컵에 시럽을 따로 주시는데요! 보라색 시럽을 에이드에 또르륵 따라서 잘 섞어서 마시면 된다고 해요:) 많이 달지 않은 시원한 석류에이드에 알로에 같은 식감의 알갱이가 있어서 정말 맛있게 먹었어요!! 아이스아메리카노 (5,000원) 아메리카노는 많이 다크하지 않고 산미 없는 고소한 맛이라 제 취향에 딱이었어요 ღ 아이스파블로바 (16,000원) 아이스파블로바는 이번 여름 신메뉴라고 해요:D 비주얼 너무 귀엽지 않나요 ㅜㅜ 파블로바 주시면서 파블로바가 어떤 디저트인지, 어떤 재료를 사용하셨는지, 어떻게 먹으면 되는지까지 설명되어있는 카드도 같이 주셨어요! 저도 처음 먹어보는 디저트라 잘 설명이 되어있어서 좋았습니다:) 파블로바에 따로 패션후르츠, 연유, 유기농 올리브오일이 들어간 소스(??) 를 따로 주셨는데 쪼르륵 뿌려서 먹으면 된다고 해요!! (՞•🐽•՞) 이렇게 잘라서 먹으면 되는데... 아니 안에 구슬 아이스크림 뭔데에...💛💕 달달하고 부드러운 바닐라아이스크림에 겉은 바삭 속은 쫀득한 파블로바, 패션후르츠 소스와의 조합이 진짜 대박이더라구요!! 어쩜 이리 조화로운지.. 이건 드셔보셔야 알아요...🫢🫶🏻 거기에 구슬아이스크림이라니..!! 시원한거 땡길때 완전 딱일것 같은 맛이었어요!! (๑ ’ ◡ ‘ ) 파블로바라는 디저트를 처음 먹어보는데, 설명도 잘 해주시고 무엇보다 정말 맛있게 먹었어요:) 요즘같이 더운 날씨에 시원하고 달달한 디저트가 땡기실때, 머랭 디저트를 좋아하시는 분이라면 연남동 “라프하우스” 추천드려요 ❛‿˂̵✧ *주문제작 케이크 링크 RAFHOUSE - Instabio | Link in bio 디저트카페 라프하우스입니다 instabio.cc 라프하우스(@rafhouse_seoul) • Instagram 사진 및 동영상 팔로워 918명, 팔로잉 3명, 게시물 123개 - 라프하우스(@rafhouse_seoul)님의 Instagram 사진 및 동영상 보기 instagram.com 라프하우스 서울특별시 마포구 동교로32길 10 2층 라프하우스 #연남동카페 #연남동디저트 #파블로바맛집 * 이 글은 리뷰노트를 통하여 본 업체에서 제품 또는 서비스를 제공받아 작성된 글 입니다"
[마포/연남동] 라프하우스 홍대 디저트카페 추천,"오늘은 홍대 연트럴파크의 한 카페를 소개해드리려고 합니다🥹🥹 연트럴파크는 서울의 핫플레이스 중 하나라서 수 많은 카페나 맛집들이 즐비하죠. 그 중 저는 '라프하우스'라는 디저트 카페에 다녀왔어요 ㅎㅎ 인스타그램 ) 라프하우스(@rafhouse_seoul) • Instagram 사진 및 동영상 팔로워 915명, 팔로잉 3명, 게시물 123개 - 라프하우스(@rafhouse_seoul)님의 Instagram 사진 및 동영상 보기 www.instagram.com 라프하우스 서울 마포구 동교로32길 10 (2층) 영업 시간 :: P.M 12:00 ~ P.M 21:00 (문의 전화 :: 02-337-7353) 연중무휴 영업!!! 라프하우스 전경 할리스커피 맞은편, 연남곱창타운 우측 작은 골목길로 들어오시면 오른쪽에 보입니다 !! 사진 속 건물 2층이에요~~ 크고 장황한 간판은 없지만, 바닥에 놓여진 작은 입간판이 '라프하우스'라고 안내해주고 있어요. 좌측에 위치한 계단으로 올라가면 제가 찾아왔던 라프하우스에 도착합니당👍 라프하우스 실내 모습 1 이 카페에서 가장 인기가 많다는 창가측 자리에요. 통유리 밖으로 좁은 서울 골목길의 풍경을 만끽할 수 있답니다! 또한 의자도 하나하나 각기 다른 디자인이 힙한 느낌을 더해주네용 ㅎㅎ 라프하우스 실내 모습 2 이렇게 오픈형 주방으로 되어있어서 주문한 디저트와 음료를 만드는 과정도 구경할 수 있어요! 언뜻 보기엔 평범해 보이는 내부지만, 카페 곳곳에 장식품과 이쁜 조명들로 인테리어를 해서 한 층 높은 분위기를 뽐내고 있었습니다~ 모던하고 고상한 기분으로 남녀노소 좋아할 만하죠~~ 라프하우스 메뉴판 라프하우스의 시그니쳐 메뉴로는 라프커피가 있어요 ! 커피에 오렌지향이 난다던데 담엔 꼭 먹어보고 싶은 메뉴 중 하나랍니다 ㅋㅋㅋㅋㅋㅋㅋㅋㅋㅋㅋㅋ 저희는 아몬드크림라떼와 체리초코라떼, 루이보스티를 주문했어요 !! 그리고 디저트로 아이스파블로바도 먹었습니당 ㅎㅎ 디저트 맛집으로 유명한 라프하우스답게 다양한 종류의 디저트들이 있어용👍 그 중에서도 파블로바가 많이많이 유명하다네요~~~!! 귀염뽀짝한 생일초도 판매하고 있으니 특별한 날에 선물해도 안성맞춤이에요~! 체리초코라떼 & 아몬드크림라떼 & 루이보스티 좌측부터 순서대로 체리초코라떼, 아몬드크림라떼, 루이보스티입니다. 체리초코라떼 ▶ 아이스초코라떼에 체리향이 나는 음료였는데, 생각보다 어울리는 조합이라서 신기했어요. 초코맛과 체리맛이 기가막히게 반반씩 느껴졌습니다. 그리고 물감을 몇 방울 풀어놓은 듯한 비주얼이 이뻤어요💛 아몬드크림라떼 ▶ 라떼에 아몬드크림을 올린 메뉴였어요. 색깔부터 매우 연한 느낌이 드는데, 실제로도 부드러우면서 은은히 나는 커피향이 특징입니다. 루이보스티 ▶ 카페인이 없는 음료로 알려진 루이보스티는 보이차가 생각나는 맛이었어요! 자극적이지 않은 차라서 어르신 분들이 좋아하실만한 메뉴입니다🫶 아이스 파블로바 (16,000원) 우와 굉장히 아름다운 비주얼 !!! ❤️🧡💜💚❤️ 기존에 판매하던 파블로바 위에 바닐라 아이스크림을 올린 '아이스파블로바' 메뉴랍니당>.< (위에 부어먹으라고 따로 소스를 주셨는데, 올리브오일과 패션후르츠 등으로 직접 만드신 소스라고 하셨어용) 폭신한 머랭 코팅으로 만들어진 파블로바 안에는 과일과 구슬아이스크림이 들어있었어요! 과일들도 신선하고 무엇보다 머랭이 부드러워서 넘 맛있네요ㅋㅋㅋㅋㅋㅋㅋㅋㅋ 이제 무더위가 올텐데 연트럴파크에서 놀다가 아이스파블로바 하나 뚝딱하면 짱일듯 싶습니다👍👍 여기까지 홍대 연트럴파크의 라프하우스 리뷰였습니다. 완전 디저트 맛집이니 데이트 코스로도 한번씩 들려보시길 추천드립니다 !! 사장님도 완전 친절하셨어요 ㅎㅎㅎㅎㅎㅎㅎ🫶🫶 라프하우스 서울특별시 마포구 동교로32길 10 2층 라프하우스"
"연남동 카페, 힙한 인테리어와 수제 디저트가 맛있는 :: 라프하우스","# 연남동 카페 <라프하우스>에 갔다왔습니다~ 홍대 3번출구에서 내려 연남파출소 방향으로 오다가 동교로쪽 방향으로 오면 금방 찾을 수 있었어요 골목길에서 살짝 들어가면 있기 때문에 조용해서 좋더라고요 ㅎㅎ 오히려 큰 길이었으면 시끄러웠을 것 같아요 <라프하우스> 내부 # 7테이블 정도의 규모 매장의 크기에 비해 테이블 수가 많지 않아서 대화하기 좋고 넓어 보였습니다 요즘 힙한 카페라면서 커피를 마시라는 건지, 디저트를 먹으라는 건지 하는 테이블을 배치하는 곳이 있는데 연남동 카페 <라프하우스>는 힙한 분위기이면서도 멀쩡한 테이블을 배치해두어서 정말 마음에 들었습니다👍 그리고 콘센트도 많이 배치해두어서 폰 충전하기도 좋았어요 인테리어가 멋져요! 화이트+철제+유리+아크릴로 이루어진 인테리어여서 시원시원하고 차가운 느낌이었는데 가구들을 보면 각진 가구들이 많이 없고 다 둥글둥글한 느낌이어서 조화로운 느낌이예요 조명이랑 아크릴 가구들, 그리고 소품들이 키치한 느낌을 주는 것 같았습니다 어떻게 보면 통일성이 없어 정신없어 보일 수 있는 소품들을 잘 배치한 것 같아요! 마치 유튜브나 인테리어 사이트에 올라오는 힙한 인테리었어요😉 사진찍기 정말 좋았습니다 ㅋㅋㅋ 가게 내부에 화장실이 있어서 좋았어요★ <라프하우스> 메뉴 # 디저트와 티, 에이드 등 메뉴구성이 좋아요👍 커피와 라떼, 티, 에이드 종류가 다양해서 커피를 안마시는 사람도 오기 좋았어요 시그니처 메뉴인 라프커피가 눈에 띄고, 특히 티랑 에이드 종류가 흔한 음료가 아닌 독특한 음료메뉴가 있더라고요 연남동 카페 <라프하우스>는 디저트 메뉴들이 좋았어요 딸기파블로바, 머랭 롤라드, 말렌카케이크, 다쿠아즈가 있는데 파블로바는 머랭베이스를 선택할 수도 있고, 1단 2단 구성을 할 수도 있었어요 카운터에 귀여운 초가 있어서 초를 구입해서 생일 케이크 느낌도 낼 수 있을 것 같아요ㅎㅎ 📌추천 메뉴조합 라프커피+석류펜지에이드+딸기파블로바 라프커피(오렌지비엔나)_\6,500 오페라(후르츠 바닐라티)_\6,500 머랭롤라드_\7,000 다쿠아즈(크림치즈)_\3,800 # 연남동 카페 <라프하우스>의 시그니처 메뉴, 라프커피✨ 라프커피는 아메리카노로 할지 라떼로 할지 고를 수 있었어요 비엔나 커피여서 위에 크림이 올라가 있는데 오렌지 크림이어서 그런지 향도 시트러스향에 상큼한 느낌이 났습니다 비엔나커피 종류들이 묵직묵직한 느낌인 편인데 라프커피는 산뜻한 느낌이었어요 커피맛은 살짝 산미가 느껴졌습니다 # 디저트랑 먹으면 딱인, 오페라 티✨ 티 메뉴들이 예사롭지 않았는데 마리아쥬 프레르 티를 쓰시더라고요! 오페라티는 향은 엄청 상큼한 후르츠향과 부드러운 바닐라향이 강하게 느껴졌는데, 막상 마셔보면 달지 않아서 달달한 디저트랑 먹으면 딱 좋을 것 같아요ㅎㅎ # 폭신폭신한 롤빵에 부드러운 딸기크림과 딸기, 머랭롤라드✨ 연남동 카페 <라프하우스>는 케이크가 만들어져 나오기 때문에 10분정도 걸렸던 것 같아요 빵이 폭신폭신하고 쫀득한 식감이었고, 크림은 은은한 단맛이 났어요 비쥬얼은 완전 딸기딸기한게 플레이팅된 접시마저 핑크핑크했습니다♥ # 커피랑 잘 어울리는, 크림치즈맛 다쿠아즈✨ 다쿠아즈가 생각보다 크더라고요ㅋㅋㅋ 마카롱만해서 한 손에 들고 먹는건가 했는데 접시만한게 왔어요ㅋㅋ 다쿠아즈는 머랭롤라드에 비해 쫀득한 식감은 없지만 딱딱하지 않고 폭신폭신한 식감이었어요 겉에 소보로빵같이 달달한 부분이 있고 안쪽은 크림치즈가 있어서 입안에 들어가면 참 조화롭더라고요ㅎㅎ 레몬크림치즈맛이 있으면 환상적이지 않을까 하는 생각도 들었습니다ㅎㅎ 약간 스콘같은 느낌으로 차나 커피랑 같이 먹는걸 추천드려요 ㅎㅎ <라프하우스> 총평 📌 인테리어와 조명, 소품들이 힙하고 좋음😉 📌 시그니처 메뉴인 라프커피와 딸기파블로바 추천! 📌 커피 뿐만아니라 차종류와 에이드, 디저트 메뉴들이 고급짐✨ 📌 대화하기 좋은 분위기! 데이트 코스로 추천👍 라프하우스 서울특별시 마포구 동교로32길 10 2층 라프하우스 라프하우스(@rafhouse_seoul) • Instagram 사진 및 동영상 팔로워 838명, 팔로잉 3명, 게시물 105개 - 라프하우스(@rafhouse_seoul)님의 Instagram 사진 및 동영상 보기 www.instagram.com [영업시간] 매일 12:00~21:00 [근처역] 2호선 홍대입구역에서 도보 5분 #라프하우스 #연남동카페 #연남동케이크 #연남동디저트 #연남동데이트 #연남동커피 #연남동데이트코스 #연남동카페추천 #연남동디저트카페 #연남케이크 #연남동디저트맛집 #서울파블로바성지 #파블로바케이크"
예쁜 디저트가 있는 연남동 카페 라프하우스,"2022.01.22 오랜만에 지하철을 타고 서울 나들이를 다녀왔습니다. 지하철도 너무 오랜만에 타니 지하철에서부터 신이 나더라고요!! 오늘의 서울 나들이는 핫한 연남동!! 역시 사람이 많았어요.. 젊은이들이 데이트로 많이 찾는 연트럴파크! 경의선 숲길에서 가까운 디저트가 예쁜 카페 라프하우스 에 다녀왔습니다. 라프하우스 디저트가 예쁜 카페 라프하우스는 건물 2층에 위치하고 있었어요. 연남동 카페 라푸하우스 2층으로 올라가는 계단 복도까지 인테리어까지도 신경을 쓰신 것 같았어요! 그래서 연남동 카페 라푸하우스 입구로 들어가기 전부터 기대가 되었습니다! 라프하우스 연남동 카페 라푸하우스 매장에는 8테이블 정도가 있었습니다. 곳곳에 아기자기한 소품들이 인테리어에 신경을 많이 쓰신 것이 느껴졌어요. 카페가 전체적으로 아담하고 조용하여 친구랑 둘이 와서 조용히 얘기 나누기 좋을 것 같아요. 연남동 카페 라프하우스 "" RAFHOUSE "" 이름을 듣고 뜻이 매우 궁금했는데요. "" RESPECT + ADMIRE + FAITH "" coexistence by respect "" 존중에 의한 공존 "" 이라는 말이 와닿았던거 같아요. 왠지 라푸하우스 카페 공간이 더욱 의미있게 다가왔습니다. 디저트가 예쁜 연남동 카페 라프하우스 메뉴 COFFEE 라프커피(오렌지비엔나) 6,500원 아몬드크림라떼 7,000원 아메리카노 5,000원 카페라떼 5,500원 바닐라라떼 6,000원 코코넛라떼 6,000원 NON-COFFEE 초코라떼 6,000원 체리초코라떼 6,500원 TEA 수르닐(후르츠 그린티) 6,000원 붓다블루(콘플라워 그린티) 6,000원 청귤티 6,000원 핑크티(레몬진저) 6,000원 밀크티(Only Ice) 7,000원 ADE 석류펜지에이드 6,500원 청귤에이드 6,500원 자몽에이드 6,500원 DESSERT 딸기파블로바 1단/2단 11,000원/16,000원 머랭롤라드(베리,초코) 7,000원 말렌카케이크(초코, 레몬) 7,000원 다쿠와즈(흑임자, 황치즈) 3,800원 라프하우스 메뉴 대표님께서 셰프 출신이라고 하시더니 주문 즉시 플레이팅을 하신데요! 그래서 그런지 디저트 플레이팅이 정말 화려하더라고요!! 눈으로 보기에 예쁜 음식이 맛도 좋다😆 옆 테이블에서 파블로바를 주문해서 보았는데, 보는순간 비쥬얼이 너무 예뻐서 다음에 방문하면 식사하기 전에 와서 꼭 먹어봐야겠다는 생각을 했습니다. 배불러도 주문해서 먹어보고 싶은 비쥬얼이었어요🤣 예쁜 음식을 보면 괜히 기분이 좋아지는데, 예쁜 디저트 카페 라프하우스의 파블로바가 그런느낌이었어요. 라프하우스 주문 후에 자리에 앉아 있으면 음료와 디저트를 가져다 주십니다. 진동벨로 주는 카페는 이야기하다가 진동벨이 울리면 음료를 가지러 가야하기 때문에 대화하다가 끊기는 경우가 있는데, 연남동 카페 라프하우스 는 직원 분이 테이블로 직접 음료와 디저트를 가져다주셔서 편안했습니다. 연남동 카페 라프하우스 오렌지 비엔나 커피 6,500원 크림 위에 올려진 오렌지에서 부터 오렌지가 존재감을 과시하고 있죠? 저는 너무 단 라떼를 먹으면 입이 텁텁해져서 별로 안 좋아하는데요. 연남동 카페 라프하우스의 오렌지 비엔나 커피는 달지않아서 좋았습니다. 첫 맛은 라떼 우유 맛이 느껴지고 다음은 커피 카페인 맛이 느껴지고.. 끝 맛으로 적당히 오렌지 향이 나는 크림이 상큼하게 마무리해주었어요. 연남동 카페 라프하우스 붓다블루 그린티 6,000원 그린티는 페퍼민트 잎이 들어있지만 페퍼민트 향이 강하지는 않았습니다. 그러나 그린티의 섬세한 향을 느끼고 싶었던 친구는.. 페퍼민트를 빼고 그린티를 즐겼습니다. 연남동 카페 라프하우스를 같이 간 친구가 차를 좋아해서 찻잎을 직접 우려먹기도 하는 친구인데요! 티 태그를 보자마자 어! 마리아쥬 자나! 하면서 반가워했어요! MARIAGE FRERES 차로 유명한 프랑스 브랜드라고 하는데, 친구가 우리나라에는 매장이 흔하지 않고 파는 곳이 별로 없어 해외직구로 구매한다고 하더라고요! 저는 그린티를 그 녹차 씁쓸한 맛이 좋지 않아 즐겨 마시는 편은 아니었는데요. 마리아쥬 프레르 붓다블루는 끝 맛이 과일향 같은 달달한 맛이 나서 좋았어요. 깔끔한 닷맛이 인상적인 차였습니다. 예쁜 디저트 카페 라프하우스 다쿠와즈 (황치즈) 3,800원 귀여운 접시에 다쿠와즈가 담겨 나왔습니다. 첫 식감은 쿠키느낌, 다음은 푹신한 빵의 느낌! 그리고 중간에 황치즈가 들어있었는데요. 저는 뽀또치즈 과자가 생각났습니다. 뽀또치즈는 크래커라 바삭하기만 하다면, 다쿠와즈는 겉은 바삭하고 속은 폭신해서 고급스러운 느낌! 다쿠와즈가 프랑스 디저트라고 하던데, 프랑스 차인 붓다블루와 잘어울렸어요😜 그리고 차를 어느 정도 마시고 만져본 찻잔이.. 따뜻했어요. 식지 않게 하는 기능이 있는건가? 우연히 만지게 되었는데.. 따뜻하네?! 천천히 음미하면서 식지 않은 차를 마실 수 있도록 섬세한 부분까지도 신경을 쓰시는 건가?! ㅎㅎ 아무튼 따뜻해서 좋았습니다! 겨울이라 카페 밖에 화장실이 있으면 추운 경우가 많은데 연남동 카페 라프하우스는 내부에 화장실이 있어서 추운 겨울 날 밖으로 나가지 않아도 되어 좋았어요! 그리고, 화장실 내부까지도 힙한 인테리어가 느껴졌습니다. 연남동 라프하우스 카페 사장님이 굉장히 디테일에 신경쓰시는 느낌을 받았습니다. 라프하우스 연남동 카페 라프하우스 에서 한참 수다를 떨고 나오니 날이 어둑어둑해졌더라고요! 밤에 본 라프하우스 카페 건물이 분위기 있어 보여서 사진 찍었는데, 그 분위기가 사진에 다 담기지는 않네요😅 🪧 예쁜 디저트가 있는 연남동 카페 라프하우스 위치 안내 🪧 라프하우스 서울특별시 마포구 동교로32길 10 2층 라프하우스 홍대입구역3번출구 서울특별시 마포구 동교동 연남동 카페 라프하우스는 홍대입구역 3번 출구에서 연트럴파크를 따라 쭉 걸어서 5분 거리에 있습니다. 여기 골목으로 오른쪽으로 턴하시면 바로 예쁜 디저트 가 있는 카페 라프하우스 간판이 보여요! 연남동 카페 라프하우스 대기를 위한 공간까지도 힙한 의자가 있어서 갬성 있는 사진을 찍으며 지루하지 않게 기다릴 수 있을 것 같았어요. #연남동카페 #연남동디저트 #연남동데이트 #연남동카페추천 #연남동디저트카페 #연남동디저트맛집 #라프하우스 #연남동라프하우스 #예쁜디저트카페 #연남동예쁜디저트 #파블로바 #마리아쥬프레르"
연남동 카페 라프하우스 데이트코스로 좋은 디저트 머랭,"#연남동카페 #연남동머랭디저트 #연남동디저트 #연남동디저트머랭 #연남동데이트 #연남동데이트코스 #연남동디저트카페 #라프하우스 #연남동라프하우스 #라프하우스연남 라프하우스 서울특별시 마포구 동교로32길 10 2층 라프하우스 안녕하세요 하양 피그렛이에요 오늘은 연남동 카페 라프하우스 데이트코스로 좋은 디저트 머랭 리뷰에요 제가 좋아하는 연남동 지역엔 유독 이쁘고 맛있는 카페들이 많은데 오늘 또 새로운곳 하나 찾아서 너무 뿌듯했어요! 디저트와 음료 모두 처음 보고 맛본 것들이여서 더 기억에 남을것같고 다른 메뉴들도 궁금해지더라구요 라프하우스 카페는 대표님이 쉐프출신이라 모든 디저트들이 수제로 만들어지고 플레이팅이 이쁘다고 유명해 더 기대하고 방문했어요 연남동 카페 라프하우스 가게 외부에요 대중교통편으로는 홍대입구역 3번출구에서 도보로 2~3분 거리로 가까운 편으로 라프하우스는 건물 2층에 위치해있어요 연트럴파크 사거리 근처에 있어 유동인구도 많고 많은분들이 한번쯤은 지나다녔을법한 곳에 위치해있어 금방 찾으실것같아요 운 영 시 간 오픈 : 12 : 00 마감 : 21 : 00 매주 화요일 휴무 데이트코스로 좋은 디저트 머랭 라프하우스 가게 내부에요 내부가 엄청 깔끔해보이는게 인테리어도 뭔가 감각작이고 세련된 느낌이였어요 창가자리는 통유리로 되어있어서 낮에는 햇살도 잘들어올것같고 저녁엔 창가보면서 커피한잔 하기에도 좋겠더라구요 저희도 창가자리 하나 남았길래 얼릉 사수?했어요ㅋㅋㅋ 가장 안쪽에 주문할수있는 카운터가 있었어요 연남동 카페 라프하우스 곳곳에 감각적인 그림들과 깨알같은 소품들도 더해져 카페 분위기가 더 좋아보였어요 공간은 좁았지만 살짝 전시관 같은 느낌도 들더라구요 데이트코스로 좋은 디저트 머랭 라프하우스 카페 메뉴에요 좀 신개했던 디저트들이 많았는데 머랭롤라드부터 파블로바케이크, 말렌카케이크 등 흔하지 않은 수제 디저트들이 다양했어요 그중에서도 가장 궁금했던 머랭롤라드 - 7,000원 , 음료 메뉴로는 체리초코라떼 - 6,500원 , 석류펜지 에이드 - 6,500원 이렇게 주문했어요 메퓨판 밑에는 요로코롬 라프하우스 스티커도 있었는데 가져가서 사진에 이용했어요! 제 친구는 핸드폰 케이스에 붙여버리더라구요ㅋㅋ 연남동 카페 라프하우스 머랭롤라드에요 머랭으로 만든 롤케이크인데 카페에서 머랭 디저트를 거의 못먹어봐서 더 궁금했어요 위에는 딸기랑 베리가 수북하게 올라가져있는게 비주얼부터 맛이 없을수없는 비주얼이에요! 거기에다 밑에는 빵이 아닌 머랭이라니!!! 머랭 부드럽고 촉촉해서 좋아하는데도 항상 양이 적게나와서 많이 못먹었었는데 오늘 제대로 먹을수 있겠는데요!?ㅋㅋ 머랭에 생크림까지 가득하고 딸기랑도 조합해서 먹으니 세상 달콤하고 맛있었어요ㅠㅠ 롤케이크 스타일로 나와서 양도 많으니 진짜 제대로 먹은것같네요 헤헤 엄청 부드럽고 쫄깃했는데 차갑게 나온게 아니라 더 좋았어요 연남동 데이트코스로 좋은 디저트 카페 라프하우스 음료 나왔어요 음료받침대가 이렇게 귀여우기 있나요?!ㅋㅋㅋ 십자수로 뜬것같은데 너무 귀엽고 겨울이랑도 잘어울리는듯?ㅋㅋ 먼저 체리초코 라떼에요 칼로리 생각해서 초코라떼는 피하고 싶었지만.. 이름 보자마자 궁금해서 직원분에게 바로 물어봤어요 초코라떼에 체리가 들어가 체리향과 맛이 나는 음료라고 하더라구요 신메뉴 도전하는거 좋아하는 저로써는.... 포기할수 없었던ㅎㅎ 실제로 맛도 분명 초코라떼 맛인데 체리향이 은은하게 들어와서 색다르고 맛있었어요 다음은 석류펜디 에이드에요 이음료도 처음들어보는 메뉴라 궁금했는데 친구가 딱 주문하더라구요ㅋㅋ 석류펜디 에이드는 석류시럽이 에이드 바닥에 젤리와 함께 깔려있고 그위에 펜지 시럽을 뿌려서 시원하게 마시는 음료에요 시럽을 따로 준비해줘서 그냥 달콤한 시럽인줄 알았는데 음료에 넣으니 색깔이 바로 변하더라구요! 꾀나 신기했어요ㅎㅎ 맛도 석류맛이 강하지 않고 맛있고 은은하게 나면서 시원하기까지 해서 맛있었어요 둘다 맛있었지만 저는 석류펜디 에이드가 조금 더 맛있었네요 ㅎㅎ 창가자리 겟해서 전체사진도 나름 잘나온듯!?ㅎㅎ 조명이 이뻐서 한몫한것같네요 히히 지금까지 연남동 카페 라프하우스 데이트코스로 좋은 디저트 머랭 리뷰를 소개해드렸는데 자주가는 연남동에 최애 카페 하나 또 저장해놓고 가네요ㅎㅎ 디저트와 음료들이 독특하면서 맛있었던 카페로 다음엔 다른 디저트들도 도전해봐야겠어요 그럼 저는 이만 ^^"
연남동 디저트맛집 카페 홍대 라프하우스 석류펜지에이드 추천,"안녕하세요 주주입니당 ㅎㅎ 점심마다 먹부림하다가 오랜만에 카페에서 점심시간을 보내려고 합니당 ㅎㅎ 종종 동기들과 함께 점심 카페투어를 떠나곤 하는데요! 가볍게 디저트와 함께 수다 삼매경에 빠지고 나면 스트레스 빠이-!👍🏻 오늘은 동갑동기님과 함께 갬성뿜뿜 연남동 카페 라프하우스를 찾았습니다! 라프하우스 서울특별시 마포구 동교로32길 10 2층 라프하우스 위치 서울 마포구 동교로32길 10 2층 홍대입구역 3번출구에서 맛집 골목으로 쭉 오시면 됩니다! 홍대 점심으로 자주 찾는 보승회관 근처라서 금방 찾았어용 연남동 라프하우스 가던날 날씨가.. 카페 가서 힐링하고픈 날씨였어용 우리 다 우울우울한데 날씨 넘 좋구 놀러가고 싶고 당장 한강 피크닉 가고 싶고 🤣 날씨 좋은날은 기분에 맞춰서 카페에서 수다타임도 좋아용 달달한 연남동 디저트 맛집에서 응..나 회사 점심시간 아니구 홍대 놀러왔다,,놀러왔다 주문을 걸어봤습니다 ㅋㅋㅋㅋ 사실 연남동 라프하우스는 연남동 데이트코스나 주말에 친구들과 연남동 나들이 할때!! 혹은 유유자적 홍대 카페에서 시간을 보내고플때 좋은거 같아요! 디저트가 취향 저격인것도 좋았는데 음료 비쥬얼이 넘 좋구 맛도 넘 매력있고 좋은 시간 보내기 좋은 곳이라 누구나 만족하실거같아용 연남동 디저트 맛집 라프하우스는 2층에 위치했습니다! 햇살 찬-란 수다떨면서 연남동디저트맛집인 라프하우스에 오면서 와- 오늘 여기 라프하우스 오기 딱 좋은날씨다! 안왔으면 서운할뻔 에폭시로 마감한 갬성 인테리어 계단을 따라 올라가면 됩니당 벌써부터 힙한 인테리어,, 입구부터 넘 좋음😳 두근두근하는 맘으로 연남동 디저트 맛집 라프하우스 입장합니당 ㅎㅎ 손님이 계셔서 우선 우리 앉을 자리부터 찰칵찰칵 일할땐 안나오는 찐텐션 라프하우스에서 나오고요~~~ 테이블마다 힙하구 갬성 뿜뿜 인스타 갬성이라 안올리면 섭섭할 분위기에용 ㅋㅋㅋ 라프하우스 중간에서 어디 앉지 한참 고민 또 고민 라프하우스는 테이블 간격이 넓어서 넘 좋아용 테이블마다 분위기도 달라서 골라 앉는 재미가 있어요!!! 역시 연남동 카페중에 연트럴파크가 최고최고!!! 한참 고민고민하다가 통유리창으로 햇살 가득 받는 자리에 앉았습니당 ㅎㅎ 이날은 햇살 받으려고 연남동 카페를 찾았거든용~ 연남동 연트럴파크 카페 메뉴판 우리의 점심시간은 소중하니깐 메뉴를 호다닥 봅니당 직장인들은 항상 커피 섭취 만땅인거 아시쥬?! 전 이미 오전에 스벅마시구 카페인에 허덕이는중이라 연남동 데이트코스로 유명한 라프하우스 시그니처메뉴!! 석류펜지에이드를 시켰습니당 같이 간 동기는 라프커피! 디저트는 황치즈 다쿠아즈 카페로 점심먹으러 간다고하면 항상 회사분들이 그걸로 밥이 되냐구!!! 분노 하시는데 ㅋㅋㅋㅋㅋㅋㅋㅋ 가볍게 먹고 싶을때도 있으니깐요😳 연트럴파크 디저트 맛집에 온 만큼 디저트도 고심하면서 골라봤습니당 ㅎㅎ 요기 너무 내취향 넘좋아 행복해 힐링타임 소품하나하나 넘 맘에 드네용 취향저격 연남동 디저트 카페는 바로 여기 라프하우스에용 Hi 모야모야 소품하나하나 넘 힙하죠!! 우리 사진찍느라 점심시간 오버한건 안비밀😣 연남동 디저트카페 라프하우스에서 주문한 라프커피 / 석류펜지에이드 / 타쿠아즈 다쿠아즈 아니구 왜 타쿠아즈 냐구요? 합성어인데 제가 까먹었습니당 ㅎㅎ 그냥 일반 홍대 핫플 카페에서도 다쿠아즈는 흔하게 볼 수 있는 디저트라서 무난하게 주문했는데 연남동 디저트카페 라프하우스는 다르더라구용 여러분을 홀릴 썸네일~~~ 사진 얼른 찍고 수다 떨다가 또 찍고 소품도 식기도 하나하나 라프하우스 만의 감성이 느껴지는 공간이였어요! 에이드와 커피가 크기차이가 보이네요 ㅋㅋㅋ 음료를 서빙해주시면서 무슨 시럽(?) 소스(?)를 에이드에 첨가하라고 하셨습니당 연남동 디저트 카페 라프하우스 입장하자마자 하이텐션되서 사장님 얘기 귀 기울이지 못했네용🤣 무슨 소스인가 시럽인가 모르고 일단 사진 갈김 저저저ㅓ 사진 영상 찍을래요!!! 오늘의 손모델💜 홍동기님의 타쿠아즈 움짤! 움짤만 봐도 푹신하게 들어가는게 보이시쥬? 카페투어 멤버로 인정합니당 음성은 제거 했지만 알아서 컷 해주시고 동작도 얘기해주시는 홍동기님 카페투어는 직장인도 춤추게 하쥬 유튭도 넘 하고픈데 블로그로도 현생 바빠서 고민중입니당😌 카페놀이에 푹- 빠진 직장인2 우리 오자마자 같은팀 3명 더 온건 안비밀 제가 오늘 같은 날씨에!!! 카페 가시쥬!! 해서 피리부는 소년이 된날입니당 첨가본 카페였는데도 다들 넘 좋아하시구 만족하셔서 뿌듯뿌듯 다쿠아즈 왤케 맛난거야ㅠㅠ 우리 조각조각 내서 오래먹음 우리의 찐텐션을 올려준 영상❤️ 모야 모야 왤케 이쁜데!! 급작스런 동기님의 남친이랑 오고싶다 발언이 나온 ^^ 연남동 디저트 맛집 라프하우스입니다 ㅎㅎ 이러구 구남친 스토리 삼매경 빠짐 🙂 먹을수록 다쿠아즈 퀄리티 왤케 좋지?!!! 했더니 역시 이유가 있었어용 연남동 연트럴파크 디저트맛집 라프하우스는 대표님부터 셰프 출신이십니다!! 디저트 하나하나 수제로 만든 고급 디저트에요! 플레이팅 또한 넘나 완벽 인스타 갬성 뿜뿜하는 연남동 디저트 맛집이에용 영롱쓰…💜 뒤따라온 동료분들도 무슨 음료냐고 이거 시킨다고 이름 물어보고 가신 음료 비쥬얼 이미 눈으로 만족했는데 한참 포토타임을 끝내고 보니 이거 넘나 취향저격 일단 라프커피부터 넘나 감동! 라떼위에 뿌려진 라프하우스 특유의 시그니처 마크가 인상이에용 일반 라떼와는 전혀 다른 오렌지크림이 위에 덮혀져 있어서 비쥬얼도 맛도 굿굿 비쥬얼부터 압도하는 석류펜지에이드는 달달한 석류시럽이 에이드 바닥에 투명젤리와 같이 깔려있어용 그위에 수제 펜지 시럽을 뿌려 시원하게 마시는 음료입니당!! 시럽뿌릴때 영상 필수인거 아시쥬!? 전 모르고 있다가 급 카메라 꺼냄😆 펜지 시럽의 향이 기분까지 상큼하게 만들어주니깐 오늘 점심도 넘 행복하당!! 연트럴파크에서 힙한 인테리어와 맛난 커피/음료를 알고 싶으시다면 연남동 데이트코스로 유명한 라프하우스 !!! 연남동 카페로 추천 합니다!"
"[홍대, 연남동 카페] 감각적인 인테리어와 디저트가 맛있는 '라프하우스'","감각적인 인테리어와 디저트가 맛있는 홍대, 연남동 '라프하우스' 맛 : ★★★★★ 서비스 : ★★★★★ 재방문 의사 : O ☆지극히 개인적인 리뷰입니다☆ 안녕하세요 친구랑 홍대, 연남동에서 데이트하면서 좋은 카페를 찾아서 소개해드리려고 블로그를 작성합니다. 제가 소개해 드릴 집은 '라프하우스'라는 카페입니다. 얼핏 들으면 술집 같지만 카페입니다. 저만 알고 싶은 장소인데... 너무 좋아서 소개해 드리겠습니다. 가게 외관입니다. 2층에 위치해있으며.. 간판이 안 보일수도 있으니 유심히 보셔야 됩니다.. 가게 올라가는 길에 감각적인 그림들이 있더라고요.. 예술 쪽에 관심이 없는 저는 잘 몰랐지만 친구는 예술 쪽에 관심이 많아서 그런지 유심히 보더라고요~ 그림을 구경하고 2층에 도달... 7시 정도에 갔는데도 사람이 거의 꽉 찼더라고요.. 확실히 인기 있는 집은 다른 거 같아요! 우선 영업시간 먼저 알려드릴게요~ 위에 사진 참고해 주세요 '라프하우스' 내부 분위기입니다. 감각적인 디자인이랑 깔끔한 주방이 인상 깊더라고요.. 그리고 잔잔한 음악이 나와서 얘기 나누기도 너무 좋아 보였어요... 그리고 카페 내부에 감각적인 소품들과 액자들이 인상 깊었어요... 먼가 내부 분위기를 UP 시켜주는 느낌이 들었습니다. 메뉴 판입니다.. 디저트가 엄청 맛있다고 해서 배부르지만 디저트를 시키기로 했습니다. 고민 끝에 저희는 라프커피(오렌지비엔나) \6,500 석류펜지에이드 \6,500 머랭롤라드(초코) \7,000 을 주문했습니다. '라프하우스'는 말렌카 케이크 본사에서 정식으로 제품을 납품받는 가맹점이래요... 음... 엄청 맛있다는 의미겠죠... 그리고 메뉴는 미리 만들어놓지 않고.. 주문 즉시 플레이팅을 시작한다고 하네요.. 이 문구를 보는데 되게 기대되더라고요... 그리고 주문하면서 물티슈랑 휴지 챙겨가세요~ 메뉴를 기다리는 동안 친구와 저는 사진 찍으면서 놀고 있었습니다~ 마침내 메뉴가 나왔습니다... 우선 메뉴를 점원이 가져다주셔서 너무 좋았고... 그리고 라프커피, 석류펜지에이드, 머랭롤라드 비주얼이 너무너무 좋았습니다~ 원래 비주얼이 좋으면 더 맛있는 거 아시죠? 아 그리고 이거는 보라색 펜지 시럽입니다. 석류펜지에이드 위에 뿌려서 마시면 된다고 하네요... 위에 부어서 섞여지는 모습이 너무 신기하고 이뻐서 동영상으로 남겼습니다... 전과 후 사진입니다. 먼가 보랏빛 도는 게 더 먹음직스럽게 바뀌었더라고요~ 우선 맛이 궁금해서 친구 거를 한입 뻇어먹는데 너무 맛있어요 지금까지 에이드라고 하면 먼가 달다는 느낌이 강해서 그렇게 안 좋아했는데 이거는 산딸기 같은 게 들어가 있어서 씹는 맛도 있었고 그렇게 달지도 않아서 제 입맛에 딱 좋았습니다. 라프커피(오렌지비엔나)입니다. 우선 말린 오렌지가 올려져 있어서 그런지 마시는데 상큼하니 좋았습니다. 그리고 무엇보다도 크림이 너무 맛있더라고요! 크림과 함께 커피를 마시면 너무 좋았네요.. 머랭롤라드(초코)입니다. 우선 비주얼이 너무 이뻤어요.. 정말 먹기 싫을 만큼 너무너무 이뻤어요. 먹다가 중간에 찍은 건데 ... 우선 안에 내용물이 정말 튼실해서 좋았어요.. 맛을 설명해 드리고 싶은데... 기존 카페서 먹는 디저트랑 다른 느낌이어서 설명이 어렵네요.. 너무 존맛이에요.. 부드러우면서도... 달콤하면서도... 씹는 맛도 있으면서도... 말이 필요 없습니다. 처음 방문하는 집인데 너무 분위기도 좋았고 커피, 음료, 디저트도 너무 좋았네요. 카페를 자주 가는 친구도 요 근래 가 본 곳 중에 최고라고 극찬하더라고요~ 저 역시 요 근래 가 본 곳 중에 최고인 만큼 분위기랑 맛이랑 최상이었습니다. 홍대, 연남동에서 카페 찾으시면 '라프하우스' 강추 드려요. 한번 가보시면 후회 안 합니다. 꼭 가보세요. 라프하우스 서울특별시 마포구 동교로32길 10 2층 라프하우스 홍대입구역 3번 출구에서 한 5분 정도 걸으면 나옵니다. 읽어주셔서 감사합니다."
홍대_라프하우스_힙한카페_연남동카페,"라프하우스 서울 마포구 동교로32길 10 2층 라프하우스 *영업시간* 매일 12:00~21:00 ☎️: 0507-1389-7353 라프하우스 : 네이버 방문자리뷰 208 · 블로그리뷰 188 naver.me 연남동카페 라프하우스는 홍대역 3번출구에서 도보로 약 5분 거리로 접근성이 아주 좋아요. 여기는 연남동 근처 연남동카페 라프하우스! 연트럴파크 사거리 근처에 있는 힙한 카페. 골목으로 들어와 2층에 위치하며 통유리창으로 되어있어요. 연남동에 특이한 카페가 많지만 오늘은 힙한 카페로~ 짜잔🙂 여기가 입구. 웨이팅도 있나 봐요😲 저는 좀 일찍 와서 자리가 많았어요ㅎㅎ 이쪽이 카운터 생일 초 모양이 다양하고 귀엽네요ㅎㅎ 음료 종류도 다양하고 디저트도 많아요. 라프하우스는 대표님께서 셰프 출신이셔서 모든 디저트가 수제이고, 플레이팅이 화려하다고 해요. 디저트는 당연히 맛있겠죠! 인테리어도 요즘 스타일. 미드 센추리 모던🔧🛋 연남동카페 경의선 숲길 이쪽으로만 와도 한적하고 여유로운 느낌이에요. 주차는 안되는 듯! 나폴레옹 페이스트리 5.5 가격도 괜찮고 달달하니 맛있어요. 입에 넣자마자 부서지는 페스츄리! 버터의 향이 잘느껴지고 촉촉하고 부드러움! 맛있어서 순삭 했어요.. 😋 다음번엔 다른 디저트도 먹고 싶네요. 여기가 디저트로 유명한가 봐요. 종류도 다양하고 다른 테이블 보니까 저랑 똑같은 거 시킨 곳은 없었음ᄏᄏ 석류펀치에이드와 한라봉에이드 6.5 인스타감성 사진 찍기 좋음📸 한라봉에이드 한라봉의 향이 많이 느껴지며 상콤달콤한 맛. 아래 가라앉은 시럽을 저어먹으면 됨. 석류펀치에이드 수제 펜치 시럽을 넣어 색감이 더 이쁘고 안에 투명 젤리와 베리가 있어서 음료랑 같이 마시면 식감도 좋고 달달함. 기분 좋아지는 맛😊 석류렌치에이드 색감 너무 이쁘지 않나요ㅎㅎ 보라보라해💜 연남동은 가정집을 개조해서 만든 이쁜 카페가 많더라고요. 여기도 비슷한 느낌ㅎㅎ 사장님께서 파블로바케이크, 말렌카케이크와 같은 흔하지 않은 수제 디저트로 아주 유명하다고 하니 한번 시켜보세용ㅎㅎ 메뉴 설명 *파블로바 케이크 : 밀가루 함량이 전혀 없는 머랭 케이크에 마스카포네 크림과 제철 과일이 듬뿍 들어간 케이크. 겉은 머랭 특유의 과하지 않은 달달함에 살짝 바삭한 식감이 일품. *다쿠와즈 : 폭신한 시트에 상큼한 레몬필링,단짠단짠 조합의 흑임자 필링으로 채운 프랑스 디저트 *라프라떼 : 라떼 위에 뿌려진 라프하우스 특유의 시그니처 마크가 인상적. 일반 라떼와는 전혀 다른 오렌지크림이 위에 덮혀져 있음. * 말렌카케이크 : 설탕이나 시럽이 아닌 꿀을 사용한 듯 한 은은한 달달함에 코코아 가루가 섞여 기분 업, 거기에 셰프님의 흐르는 듯한 크림 데코를 추가함 연남동카페 라프하우스! 데이트하러 오기도 좋고 디저트 당길 때 친구들이랑 와도 좋을 것 같네요. 근처가 경의선 숲길공원이라 테이크아웃해서 공원에서 먹어도 좋을 듯🙂 라프하우스 서울특별시 마포구 동교로32길 10 2층 라프하우스 #라프하우스 #홍대 #연남동 #경의선카페 #연남동카페 #힙한카페 #연남동데이트 #홍대카페 #디저트맛집"
디저트가 맛있는 힙한 연남동카페 라프하우스!,"연남동에서 점심을 먹고 바로 연남동카페를 찾아가 봅니다 식후 커피와 디저트는 필수니까요!!ㅎㅎㅎ 연남동 골목 안 수많은 카페 중 한 곳이 눈에 띄어요 바로 연남동카페 라프하우스인데요 입간판부터 느낌있는 것이 한번 올라가보고 싶더라구요 1층에는 남자옷 매장이 있고 라프하우스는 2층에 있어요 올라가는 계단에 붙어있는 포스터도 심상치 않고 힙한 분위기가 흐르더라구요 들어가자마자 냅다 창가에 자리잡고 메뉴부터 주문했어요ㅎㅎㅎ 저는 시그니처 커피인 라프커피, 엄마는 아메리카노 그리고 디저트는 정말 고민 고민 했는데요 배가 너무 불러서 거한거는 못먹구 파쿠아즈 한개를 주문했답니당 라프하우스 사장님께서는 쉐프 출신이시래요 그래서 모든 디저트가 수제이고 플레이팅도 화려해서 인기가 많죠 소품 하나 하나 힙하구요 라프 뜻풀이가 있는데 너무 좋은 의미더라구요 매장 모든곳이 스튜디오처럼 깔끔하고 느낌있어서 젊은이들(?)이 좋아할만한 인스타 감성의 연남동카페예요 메뉴는 직접 가져다 주셨는데요 비주얼이 참 고급스럽더라구요 통창이라 자연광이 가득해서 사진이 잘 나오기도 하구:) 라프커피 예쁜 비주얼과 맛에 반하고 파쿠아즈의 독특함에 반해요 라프커피는 오렌지비엔나 커피인데요 아이스로만 먹을 수 있어요 오렌지비엔나라서 먹어보고 싶었는데 역시나 맛있었어요 그냥 비엔나커피랑은 또 다르더라구요ㅎㅎㅎ 커피에 크림에 오렌지의 상큼한 향이 더해지니까 더 좋아요 아메리카노가 맛있는걸 보니 기본이 되는 커피 자체가 맛있나 보네요:) 그리고 파쿠아즈! 이름이 생소한데요 다쿠아즈 아니고 파쿠아즈??? 모양은 다쿠아즈인데 밀가루 대신 머랭으로 만든 디저트라는게 차이점이라고 해요 자르는데 느낌이 디게 재밌어요 머랭쿠키 확대버전이라고 생각하면 될것 같은데요 가벼운 바삭함? 그런느낌이고 안에는 라즈베리와 마스카포네 크림이 가득♥️ 엄마는 배불러서 안드신다고 했는데 입에 넣어드렸더니 맛있다고 더 드셨어요ㅋㅋㅋㅋㅋ 파블로바 케이크도 머랭으로 만든 케이크라는데 아마 이것의 큰버전일 것 같아요 그렇다면.. 이왕이면 큰걸로 먹는걸 추천해요ㅎㅎㅎ 입에서 살살녹는다는게 딱 여기에 맞는 표현이더라구요 너무 맛있어요!ㅠㅠㅠ 파쿠아즈는 진짜 배부를때 먹고 그 외엔 파블로바 케이크가 현명한 선택일 듯해요ㅋㅋㅋ 사실 배불러도 먹을 수 있겠더라구요😌 통창이라 밖이 다 보여서 답답하지 않고 인테리어가 힙한 연남동카페 라프하우스 무엇보다 어디서도 먹어볼 수 없는 독특한 디저트가 있다는게 라프하우스에 갈 수 밖에 없는 이유예요! 다음엔 말렌카케이크도 먹어보고 싶네용 라프하우스 서울특별시 마포구 동교로32길 10 2층 라프하우스 #연남동카페 #연남동디저트카페 #연남동디저트 #연남동데이트 #연남동카페추천 #연남동디저트맛집 #연남동케이크"
연남동디저트카페 라프하우스 연남동데이트코스,엄청 친하게 지내는 옛 직장 친구를 오랜만에 만났어요 연트럴파크 사거리 근처 연남동디저트카페 ' 라프하우스 ' 방문했습니다 홍대에 사람 바글바글한 주말이었는데 조용한 골목에 숨어있는 힙한 연남동카페 에요 ^^ 1층 옷가게 위 2층에 있어요~ 한쪽면은 통창으로 시원시원 해보이고 갬성있는 아이템들로 꾸며진 인테리어 ~! 소품들 구경하는 재미도 있어요 연남동디저트로 유명한 라프하우스 ! 메뉴판 입니당 디저트는 크게 4가지 있었어요 파블로바케이크. 말렌케이크 흔하지 않은 수제 디저트들 !! 특이한건 하이볼이랑 비어도 있었다는것 !! 카페인 땡겨 커피를 주문하고 창가쪽 자리에 앉아서 수다떨다보니 .. 저희가 주문한 음료가 나왔어요 ㅋㅋ 바닐라라떼 6.0 카페라떼 5.5 파쿠아즈 4.0 라프하우스 다쿠아즈 자주 먹는 디저트는 아니지만 쉐프출신 대표님께서 추천해 주셔서 먹어봤어요 푹신한 시트에 상큼한 레몬필링 .. 단짠단짠 조합이에용 ㅎㅎ 고급진 프랑스 디저트 를 홍대에서 맛봤어요^^ 내가 좋아하는 바닐라라떼 너무 달지도 않고 연남동커피 라프하우스 맛있다 !! 친구가 카페라떼는 은근 양 많고 맛있다고 했음ㅋㅋ 늦은시간에 가서 우리말고 한팀~두팀 정도 더 있었는데 시끌벅적 소음도 심하지 않고 편하게 얘기하며 휴식하기 좋은 공간이었어요 이색적인 분위기 인스타갬성 뿜뿜 !!♡ 연남동데이트코스 넘 좋은 듯 힙한 분위기 라프하우스 연남동카페 괜찮으실 듯 합니다 ㅋㅋㅋ 라프하우스 서울특별시 마포구 동교로32길 10 2층 라프하우스
연남동 카페 라프하우스 말렌카 카페라떼 배달 후기,"RAF HOUSE Yeonnam D E L I V E R Y R E V I E W 체코 꿀 케이크 말렌카 _ 언젠가 말렌카에 대해 들은 적이 있어요. 체코 꿀케이크인데 맛있어서 체코여행 다녀올 때 기념품으로도 많이들 구매해오신다고. 한번도 먹어본 적이 없어서 언젠가 기회가 되면 먹어봐야지했는데 배달 앱을 보던 중에 말렌카를 파는 곳이 있어서 주문해보았습니다. 위치를 보니 연남동 연트럴파크 근처에 있는 것 같더라구요. 대체적으로 커피나 디저트류 평이 좋아서 도전! 주문내역 카페라떼 (16온스) 말렌카 케이크 초코맛 저는 말렌카를 주문했지만 메뉴와 리뷰들을 보니 원래 라프하우스는 파블로바가 시그니처 메뉴인 것 같았어요. 누군가와 함께 먹는다면 파블로바를 시켰을텐데 오늘은 집에서 일하며 혼자 먹을거라 말렌카로 주문했답니다. 배민1 배달이 가능한 카페라 빠르게 도착했어요. 종이로 된 사각 케이스에 도착한 말렌카 그리고 시크한 라프하우스 스티커 : ) 라떼에 사용된 비닐이 접착식이 아닌게 신기했어요. 그래도 커피 캐리어에 담겨 배달되어서인지 샌 곳 없이 잘 도착했답니다. 드디어 모습을 드러낸 말렌카! 예쁜 로즈마리 장식이 좀 더 먹음직 스러운 비주얼을 살려주네요. 라프하우스는 말렌카 본사에서 정식으로 납품을 받아 판매 중인 곳이라고 하더라구요. 함께 찍어먹을 수 있는 크림이 같이 들어있었어요. 이렇게 보니 층층이 단면이 잘 보이죠! 먹음직스러워 보이는 비주얼 : ) 크림도 개봉하고 커피도 확인했으니 이제 먹어봐야겠죠?! 말렌카는 처음이라 두근두근.. 빵과 크림이 겹겹이 쌓인게 크레이프 케이크를 떠올리게했는데요. 보는 것보다 좀 더 꾸덕한 느낌이라 포크로 찔러도 모양이 잘 유지되는 케이크였어요. 살짝 단단한 제형의 크림을 찍어 한 입 먹어보니 윗부분은 포슬포슬 케이크 자체는 꾸덕 쫀쫀한 식감! 그냥 빵-크림-빵-크림으로 만들어진 케이크들보다 꿀이 들어가서인지 뭔가 쫀득한 한개의 층이 더 들어간 느낌의 케이크였답니다. 초코맛이 너무 진하거나 심하게 달까봐 걱정했는데 그렇지는 않고 디저트로서 적당한 당도라고 느껴졌어요. 함께 구성된 크림이 신의 한 수! 좀 더 말렌카의 맛을 끌어올려주는 느낌이었어요. 단면도 한번 자세히 보셔요 : ) 커피도 너무 시거나 하지않고 적당히 균형감있는 맛과 진하기라 말렌카와 마시기에 딱 좋았습니다. 아이스 16온스 컵은 일반적인 카페에서 많이 쓰는 사이즈이지만, 요즘 몇몇 카페들은 가격대비 커피 양이 너무 적어 실망스러운 곳들이 많았거든요. 특히 직접 눈으로 보고 주문할 수 없는 배달의 경우 메뉴판 사진만 보고 시켰다가 플랫화이트만한 커피가 와서 황당했던 적도 있는데, 기본적으로 5000원 이상의 커피라면 이 정도의 양은 지켜주어야하지않나 싶어요. (참고로 라프하우스의 카페라떼는 4,500원입니다) 다음번엔 파블로바도 먹어보고싶은, 카페 라프하우스 배달 후기였습니다! #라프하우스 #카페 #연남동카페 #연트럴파크 #말렌카 #체코꿀케이크 #카페라떼"
연남동카페 라프하우스 딸기파블로바 시그니처메뉴,"안녕하세요. 블로거 비니입니다. 연남동카페 다녀왔는데 아늑하고 좋았어요. 라프하우스 포스팅 시작합니다. 연남동카페 어디로 갈지 찾고 계시다면 제 글을 잘 찾아오셨어요~ 헤헷 라프하우스는 홍대역 3번출구에서 도보로 한 5분정도 걸어가면 있어요!! 건물 2층에 있습니다. 계단으로 올라가면 금방이에요. 들어가기전부터 초록빨강해서 크리스마스 분위기 나져 ~~ 존중에 의한 공존 연남동카페 라프하우스 손소독과 물티슈 냅킨을 자유롭게 ~ 그리고 QR체크인도 꼭 하고 자리에 앉습니다. 로고 스티커도 챙겨왔어요 ㅎㅎ 메뉴판 주문한 메뉴는 아래와 같습니다! 라프라떼 (오렌지 비엔나커피) 6,500원 밀크티 7,000원 딸기파블로바 11,000원 크루와상 디저트 너무 귀엽고 예쁘죠 ? 뭔가 이런 디자인은 한번도 본적 없는데 직접 만드셔서 세상에 하나뿐인 디저트 완성이네요. 결제하고 뒤로 보니 크리스마스 리스도 한쪽 하얀 벽에 걸려있었고 매장 내 걸려있는 장식들도 넘나 이쁘구 눈사람들 나란히 줄지어있네요. 이쪽 자리도 괜찮고 창가쪽 자리도 좋아요. 저는 그 옆에 창가쪽으로 그린테이블 & 편안한 화이트 의자에 자리잡고 앉았습니다~ 사장님, 직원분 모두 친절하셔서 기분 좋은 시간을 보내고 왔어요. 메뉴는 준비되면 자리로 가져다 주십니다. 연남동카페 라프하우스 에서 만나볼 수 있는 마스카포네 크림과 어우러져 있는 특별한 파블로바 머랭케이크 입니다. 저는 비엔나커피 좋아하는데 여기서 먹은 라프라떼는 또 색다른 향이 느껴졌습니다. 바로 오렌지 향이 코끝에 계속 맴돌았다는 건데요~ 음료 사이즈는 큰 편이 아니라 배부를까 사이즈가 클까 전혀 걱정하지는 않으셔도 됩니다. 비엔나커피는 딱 요정도로 라프라떼의 매력을 느끼고 끝내는 선으로 먹어주면 될 것 같네요. 오렌지 슬라이스 말린 것을 크림위에 두고 안쪽에는 커피랑 오렌지 시럽이 어우러져 있나봐요. 산미가 느껴지면서 오 이런맛은 또 처음인데? 했어요. 얼음컵과 밀크티 보틀을 내어주셨습니다. 보틀 밀크티는 잘 우러나있고 양도 많아서 즐겨 마시는 형태의 음료에요. 친구가 밀크티 붓는 모습 찰칵~ 좋아하는 모양의 유리잔에 주셨네요 딸기파블로바를 잘라먹을 수 있는 포크랑 나이프를 준비해주셨어요. 딸기슬라이스가 예쁘게 올라가 있습니다. 라즈베리, 바나나, 딸기, 블루베리 어루어져있어요. 파블로바는 겉은 바삭하구요~ 안은 쫀득한 머랭케이크랍니다. 잘라보면 이렇게 생겼어요. 안쪽에도 가득 들어있는 과일들 !! 연남동카페 라프하우스 파블로바 머랭케이크 거울샷은 다리만 담아봤어요 ㅎㅎ 저희 귀엽져... 아담하고 귀욥귀욥.. 소품들도 귀엽지만 카페 전체적인 분위기로 즐겨주세요. 연남의 아늑한 이 감성을 느낄 수 있는 공간이고 넓은 카페보다는 이렇게 좀 따뜻하고 아늑한 카페를 좋아하는 저로써는 라프하우스 가 넘넘 좋았답니다. 화병에 꽃도 여리여리하게 꽂혀있어서 마음에 들었구요 ㅎㅎ 달려있는 주렁주렁 전구랑 넓은 테이블에서 마시는 커피한잔의 여유! 여기 매장 입구 바로 앞의 테이블은 쇼파에 앉아있던 손님들 나갈 때까지 기다리느라 제일 나중에 살펴볼 수 있었는데 특이하게 생겨서 사진도 예쁘게 나올 것 같더라구요. 거울샷을 사랑하는 비니 ... 이번년도 12월도 거의 다 지나고 이제 8일 후면 2022년을 맞이하는 사람 ! 화장실이 깨끗한지 꼭 확인하는 친구들이 있길래 분명 우리 이웃님들도 찾고 계실 수 있으니 올려봅니다. 거울샷 남겨본 화장실 너무 쾌적하구 좋아요 ! 이제 곧 크리스마스가 다가오고 있네요 ㅎㅎ 저는 연남동카페 라프하우스 에서 분위기 한껏 느끼고 왔는데 이웃님들도 즐거운 데이트하세요 . 영상으로도 담아봤어요. #라프하우스 #연남동카페 #홍대카페 #연남카페 #동교동카페 #연남동카페라프하우스 #라프하우스파블로바 #파블로바케이크 #라프라떼 이상 비니블로그 포스팅을 마칩니다. 위치는 아래 참고해주세요. 라프하우스 서울특별시 마포구 동교로32길 10 2층 라프하우스 위 배너를 클릭하시면 인플루언서 홈으로 이동합니다."
"연남동 카페, 연남동 데이트, 라프하우스, 연남동 카페 추천","이제 작년이지? 작년 12월 31일, 2021년의 마지막 날 엄마, 언니, 조카와 함께 다녀 온 #라프하우스 #연남동카페 #연남동데이트 #연남동카페추천 #연남동디저트 #파블로바케이크 라프하우스 서울특별시 마포구 동교로32길 10 2층 라프하우스 날이 진짜 추웠는데도 이날 연남동에는 사람이 정말 많았다. 그래서 어느 카페를 가든지 사람이 진짜 많았는데 ㅠㅠ 파블로바 케이크 때문에 라프하우스에 방문. 홍대입구 3번출구에서 그렇게 멀지 않고 연남동을 자주 다니는 사람들에게는 진짜 가깝다고 느껴질 거 같다. 나는 이날 가족들이랑 같이 갔고 연남동에 사람이 진~~~~~~~~짜 많았기 때문에 쬐금 힘들었지만 거리상으로는 진짜 출구랑 가까웠다. 만약에 그냥 김뮤키랑 둘이 간다고 하면 출구에서 3분 컷일 듯. 1층에 남성복 매장이 있었고 라프하우스는 2층에 위치해 있다. 계단 하나만 올라가면 되고 외부에서 이어진 계단이다보니 입구 찾는 건 하나도 어렵지 않음. 계속 이야기하지만 이날 연남동에 사람 핵많아서 라프하우스에서 조금 웨이팅이 있었다...ㅠㅠ 그래도 먹어야해,, 파블로바케이크... 사진으로 비주얼을 본 순간 포기할 수 없엇서,, 커피 메뉴가 다양하지는 않은데 특이한 게 많고(라프커피나 아몬드크림라떼 같은,,) 커피를 못 먹는 나같은 사람에게 논커피와 에이드, 티 종류가 많다는 건 정말 최고였다ㅠㅠ 가끔 홍차가 많은 곳으로 가면 홍차에도 카페인이 많아서 진짜 뭘 마셔야 하나 한참 고민을 하게 하는데 여기서는 그냥 고민 1도 없이 석류펜지에이드 주문했다. 그리고 디저트 이름이 생소한 게 많은데 사진으로 딱 이게 뭔지 보여줘서 직관적으로 먹고 싶은 걸 고를 수 있음..! 주문한 건 아메리카노/카페라떼/석류펜지에이드/청귤에이드/딸기파블로바/말렌카/머랭롤라드 많이도 시켰구나 ^_^ 내부가 넓은 건 아닌데 진짜 인테리어 넘 좋았다ㅠㅠ 요즘 화이트톤의 심플한 인테리어를 해 둔 카페를 주로 가다가 이렇게 깔끔하면서도 개성 넘친 인테리어를 해 둔 카페를 보니까 괜히 나도 힙해진 느낌적인 느낌,, 똘망이 태어나서도 이런 곳에 오고 싶은데 가능할런지?ㅠㅠ 디저트는 전부 수제로 만들어서 그런지 음료부터 나왔다. 아래 영상에서도 확인할 수 있어요! 석류펜지에이드 6,500원. 발그레한 석류시럽이 음료 맨 아래에 깔려 있고 그 위에 보라색 펜지 시럽을 뿌려서 마시는 음료다. 큰 빨대가 나와서 안에 뭐가 있나봐, 했는데 젤리가 같이 들어 있었음 ㅎㅎ 씹는 맛까지 냠냠 달달하면서도 라즈베리의 상콤함을 같이 느낄 수 있는 음료였다. 난 이게 제일 좋았어. 조카가 주문한 건 청귤에이드 6,500원 사실 청귤에이드는 어딜 가도 마실 수 있는 평범한 음료...라고도 할 수 있으나 잘못 만들면 대박 시기만 한데 여기는 새콤달콤 괜찮았다. 나를 제외한 우리 식구들 모두 청귤에이드가 젤 맛있다고 했음. 엄마는 카페라떼, 언니는 아메리카노. 김똘망 임신 전에는 진짜 카페라떼 귀신이었는데 내가....ㅠ 진짜 너무 스팀밀크가 맛있어 보여서 한 모금.. 진짜 한 모금 마셨는데... 아 여기 라떼 진짜 완전 내 스타일이었다. 다음에..... 봄 지나서 김똘망 낳고 나면 꼭... 다시 와서 라떼를 마실 거야.... 라떼 존맛.... 펜지 시럽 섞으니까 더 예쁜 음료들. 내가 창문 쪽으로 들고 사진 찍으려고 하니까 조카도 동참해 줬다 ㅎㅎ 저런 의자 진짜 한창 유행했어서 어찌 보면 질릴 수도 있는데 여기는 다른 인테리어 소품들이랑 조합을 잘 해놔서 되게 힙한 느낌이 빠방했다. 아직 크리스마스 소품들도 비치돼 있어서 더 연말 느낌 나고 난 좋았다. 무엇보다 화장실 깨끗했음... <핵중요) 이거 일일이 굽고 과일 올리고 생크림 바르고 해서 그런가 쪼금 나오기까지 시간이 걸렸다. 그냥 봤을 때는 수플레 팬케이크 같은 느낌이라고 생각했는데 칼로 잘라보니까 그것보다 훨~~~씬 퐁신퐁신하게 잘렸다. 밀가루가 전혀 들어가 있지 않고 머랭으로 구운 파블로바.. 머랭이라 진짜 너무 달지 않을까 생각했는데 우리 엄마 입맛에도, 조카 입맛에도 완전 잘 맞는 정말 딱 적당하게 달달한 맛이었다. 그리고 과일이 많이 들어가 있어서 진짜 질리지 않는 맛이었다. 그리고 크림 존맛 ㅠㅠ 마스카포네 크림이래.. 그냥 생크림 아님.. 저 생크림만 푹푹 떠먹고 싶었음. 사실 파블로바 케이크만 먹고 다른 건 안 시키려고 했었는데,, 진짜 맛에 반해 버려서 디저트 2개를 더 시켰다. 먼저 나온 건 말렌카케이크. 초코랑 시나몬이 있었는데 무조건 초코지. 그리고 이 선택은 틀리지 않았다. 처음에 나왔을 때 연남동에 처음 와 본 우리 엄마와 조카가,, 시루떡 같다고 했는데 ㅠㅠㅠㅠㅠㅠㅠㅠㅠㅠ 아니라고.......... 말렌카 케이크가 사실 흔하진 않은데 요즘 좀 뜬다 싶은 카페에 가면 있는 메뉴... 근데 다들 직접 만든 게 아니기도 하고 아무래도 꿀이 들어간 케이크라 너~무 달다는 이미지가 있었거든. 근데ㅠㅠㅠㅠ 진짜 이건 찐이다. 언니랑 나랑 이걸 그냥 홀케이크로 먹고 싶다는 소리를 계속 했다. 다음에 오면 이거 1인 1 말렌카 먹어야 됨. 마지막으로 나온 건 머랭롤라드 베리 7,000원. 핑크색 접시에 나와서 진짜 귀엽다고 생각했다. 딸기에 핑크 이건 그냥 반칙이잖아?????????? 얘도 식감이 좀 특이했다. 쫀득쫀득한 느낌이었다. 양이 많지는 않아서 4명이서 거의 한 입씩 먹었는데 쫀득보들한데 베리류랑 아몬드?가 같이 씹히니까 독특한 맛이라고 느껴졌다. 양이 적은 게 아쉽........ 전반적으로 디저트가 진짜진짜 훌륭한 카페였다. 그래서 웨이팅이 있더라도 그 시간이 아깝지 않을 만큼 입안이 황홀해 지는 디저트를 맛 볼 수 있어서 넘 좋았어... 그리고 플레이팅이 진짜 예쁘니까 사진도 잘 나오고 ㅠㅠ.... 다음에 김뮤키랑 와서 진짜 1인 1 말렌카 할 거야... 말렌카 케이크가 흔하진 않은데다가 이 정도로 맛있는 말렌카 케이크 만나기 어려움..... 제발 여기 와서 말렌카 케이크 하나씩 먹어 주세여 ㅠㅠㅠㅠㅠ"
연남동디저트카페 라프하우스 찾아갔습니다,"연남동디저트카페 라프하우스 방문 후기 올립니다 파블로바케이크 유명한 곳이라 하여 기대를 가지고 찾아갔는데요 디저트매니아인데 파블로바케이크 말렌카케이크 등은 흔히 볼 수 없는 지라 더더욱 관심이 가더라구요 연트럴파크 사거리 근처에 있어 접근성도 좋은 편이고 무엇보다 힙한 분위기라 인스타그램용 사진 찍기도 적합한 곳입니다 연남동디저트카페 라프하우스 메뉴판 참고바랍니다 앞서 언급했듯이 딸기파블로바 말렌카케이크 등이 특히 땡겼구요 음료 선택폭도 넓었습니다 커피 외에 다른 선택지도 있는 카페를 선호하는데 밀크티 등 티 종류도 있어 반가웠습니다 요즘 1인1음료는 기본이지요 내부 분위기도 무척 훌륭했는데요 저희가 마지막 자리를 차지하고 만석이라 다른 손님들께 방해될까봐 테이블은 찍지 못했네요 힙한 실내 그리고 인테리어를 자랑하는 곳이라 인스타그램 감성을 느낄 수 있습니다 무엇보다 디저트에 강점이 있는 곳이구요 예를 들어 파블로바케이크는 밀가루함량이 없는 머랭케이크에 마스카포네 크림과 제철과일이 조화된 케이크구요 머랭 특유의 적당한 달달함과 바삭한 식감이 잘 어울리는 케이크입니다 연남동디저트카페 라프하우스의 주인공 등장입니다 저희는 음료 두개와 디저트 한개를 맛보았구요 아몬드크림라떼 체리초코라떼를 선택했습니다 비주얼부터 자연스레 기대감을 불러 일으키더라구요 아몬드크림라떼가 가장 만족스러웠던 메뉴였는데요 처음 한입 먹자마자 고소한 풍미가 전해오더라구요 여자친구도 아주 맛있다고 칭찬했습니다 다음에 가서도 또 주문하고픈 대박메뉴로 아몬드크림라떼 적극 권해드리고 싶네요 다음 타자는 체리초코라떼입니다 대표님께서 쉐프출신인 곳이라 플레이팅이 화려한게 특징인 곳인데요 체리초코라떼도 아주 먹음직스러웠습니다 모든 디저트가 수제인 곳인데 말렌카케이크는 설탕이나 시럽이 아니라 꿀을 사용한 듯한 은은한 달달함을 느낄 수 있는 메뉴라 합니다 저는 멀리 인천에서 왕복 4시간 걸려 찾아간 곳인데요 데이트 코스로 즐거운 시간 보냈네요 동영상도 남겨보니 참고바랍니다 영상 보니까 또 먹고 싶어지는데요 역시 동영상이 생동감 전달하기 좋은 것 같습니다 운영시간은 12:00 - 21:00 사이이구요 정기휴무는 매주 화요일이니 피해서 방문하시면 됩니다 점심 저녁 모두 편하게 방문하실 수 있는 곳입니다 2층에 위치한 것도 장점인데요 덕분에 통유리창으로 훌륭한 뷰를 즐길 수 있구요 연트럴파크 인근이라 맛집도 주위에 많으니 식사 후 편히 들리면 좋을 것 같습니다 연남동디저트카페 라프하우스의 머랭롤라드도 색다른 메뉴인데요 식감이 부드러워 취향에 잘 맞았습니다 라프하우스에서는 2호사이즈 2단 파블로바 주문제작도 가능하다고 하는데요 3일전에 원하는 과일 요청하시면 반영이 된다고 합니다 라프하우스(@rafhouse_seoul) • Instagram 사진 및 동영상 팔로워 780명, 팔로잉 3명, 게시물 75개 - 라프하우스(@rafhouse_seoul)님의 Instagram 사진 및 동영상 보기 www.instagram.com 라프하우스 공식 인스타그램 링크도 올리니 참고바랍니다 연남동디저트카페 라프하우스 후기였습니다 아래 네이버지도 올려두었구요 다음에 파블로바케이크 꼭 먹어보고 싶네요 재방문의사 백프로인 곳입니다 라프하우스 서울특별시 마포구 동교로32길 10 2층 라프하우스"
[연남동카페] 라프하우스에서 힐링하기,안녕하세요 여러분~ 연남동에서 힐링하는날! 이날은 카페까지 코스로 즐겼습니당 쉴때는 확실히 쉬어줘야합니다!! 연남동오뎅파는집에서 1차힐링을 하고 바로 2차힐링하러 연남동카페! 라프하우스에 방문했지요 둘다 같은 골목에 있어서 골목만 찾으면 이곳을 바로 눈에 띄실거에요 1층에는 옷가게가 있고 그건물의 2층에 위치했어요 들어서면 넓직한 공간들이 반기고 곳곳의 각자의 매력을 가진 테이블과 의자가 있어요 통일성을 가진듯 안가진듯 너무 이쁜 스튜디오 느낌의 라프하우스랍니다 자 주문을 하러 총총 메뉴판을 보고 저희는 디저트도! 방금 배터지게 먹고왔는데 또 디저트가 들어갈 배는 있다는 사실 ㅋㅋㅋ 근데 다이어트 해야하는거 아닌에요? 이제 1달 남았는데.. 왜이러고 사는지 ㅋㅋ 자 .. 운동 열심히 하자 즐길땐 즐겨야지.. 그러면서 또 디저트 합리화 ㅋㅋㅋ 라프라떼 석류에이드 마렌카디저트 이렇게 적당히 시켰어요 ㅋㅋ 음식이? 아니 디저트가! 나올때까지 신낫다고 거울이 잇는 자리 잡고 사진찍고 우리세상 ㅋㅋ 밥도 일찍먹고와서 그런지 카페도 아직은 한적 ㅎㅎ 저희는 사람들이 들이닥치기 전에 조금씩 시간피해다니기 지금은 조심해야하니깐 ㅠㅠ 이 거울 진짜 너무 이쁜듯 세상에나 이렇게 테이블에 위치하고 보니 디저트랑 음료랑 더 맛있어 보이지 안아요? 너무 이쁘다!! 석류 에이드는 이렇게 액상을 넣어서 석어서 마시라고 하셨어요 너무 이쁜데 어떻게 먹지?...ㅠㅠ 이 테이블 집에도 가지고싶다.. 어디서 사셨나요 주인장님?ㅎㅎ 살찔거 걱정하면서 초코맛시킨 이 못난이 예신 예랑이..ㅋㅋ 그래도 맛있으니 머 된거지 내일 운동 한시간 더 하지머..ㅋㅋ 런닝멈신 힘들께 빨리 뛸게요..ㅋㅋ 에이드에 들어간 산딸기 너무 이쁘고 맛있는 에이드와 디저트 그리고 오렌지맛이 나는 라떼!! 위에 써져있는 글씨까지 너무 이쁘다 못해 사랑스러운 라프하우스 음료와 디저트 스튜디오같은 깔끔하고 이쁜매력까지 갖춘 인테리어! 여러분 연남동 갈때 꼭 여기로 가십시죵!! 라프하우스 서울특별시 마포구 동교로32길 10 2층 라프하우스 #연남동카페 #카페추천 #라프하우스 #체리에이드 #오렌지카페 #디저트카페
연남동 디저트카페 라프하우스에서 첫 혼카페 즐기기,"앙냥하세요! 뷰스타앙냥입니다~~~! 어린이날 평일 중간에? 목요일날 단비처럼 휴일이 있어서 얼마나 행복했는지 몰라요 이날 완벽한 휴일을 보내고자 연남동 데이트를 위해 카페, 맛집, 술집 다 찾아서 예약해놨는데.. 갑자기 브레이크패드 네개를 다 갈고, 엔진오일까지 갈아야한다고 해서 혼자 홍대 연남동에 내려져서 놀았어요 ㅋㅋㅋㅋ 같이 정비소 갈까 했는데.. 기다리면서 시간을 보내기엔 아까워서 홀로 오랜만에 시간 좀 보내려고 예약한거 혼자 다 다녀왔어요! 앙냥이의 혼자놀기 첫번째 코스! 바로 연남동 디저트맛집카페! RAF House입니다. 5/5 어린이날 날씨 엄청 좋았잖아요! 더운듯 안더운듯 화창하고 맑아서 거리에 사람들로 가득했던 날! 어린이날에 어른들이 나와서 신나게 휴일을 즐기고 계시더라구요 ◡̈ 홀로 거리를 배회하다..눈에 딱 들어오더라구요! 첫혼카페 2층에 있는 RAF House로 결정. 이날 점심을 너무 많이 먹어서 배불렀는데.. 모든 사람들이 디저트배는 따로 있다고 하듯 앙냥이도 마찬가지인지라.. 맛있는 커피와 함께 달콤한 것 좀 넣으러 갔어요 검정색배경에 하얀글씨로 간판과 입간판이 세워져있어요! 모던하고, 깔끔한 카페 분위기가 여기에도 담겨있는 느낌이더라구요. RAF House 카페가 디저트맛집으로도 유명하지만 연남동에서 아니 서울에서 파블로바 케이크로 유명하더라구요! 케잌주문도 받고 계시더라구요! 연남동 디저트 카페 라프하우스 영업시간 매일 낮 12시~ 밤 9시 서울 파블로바 성지라고도 불리는 곳.. 처음 들어봐서 몰랐는데 먹어본적은 있더라구요! 파블로바케이크 아마 한번씩은 드셔보셨을텐데 이름이 생소해서 이게 그거였어? 라고 반응하실듯! 머랭으로 만들어서 마스카포네크림, 과일과 함께 겉바속촉, 살살 녹는 케잌 완성! 맛없을 수 없는 디저트죠! 호주 디저트라고 하는데.. 호주여행 한번 가봤지만 거기선 구경도 못했던.. ㅋㅋㅋㅋㅋ 어..? 사진찍는 사이에 다른 분들이 먼저 올라가고 계시더라구요 사실 아무 생각 없었어요 당연히 제 자리는 비어있을 것이라고 근거없는 확신이 있었거든요! 앙냥이가 간과한 사실은 라프하우스가 일반카페도 아니고 디저트맛집이며 파블로바케잌 성지였다는거^^ ㅋㅋㅋㅋ 그래도 많이 안기다렸어요! 제 걱정보다는 테이블 회전이 빨라서 생각보다 빨리 들어갔어요! 만족만족~ 카페 웨이팅 별거 아니던데! 연남동에 많이 와서 다 안다고 생각했는데 이날 숨어있는? 제가 몰랐던 꿀집들을 찾아서 재밌었어요! 아직 모르는 곳이 많아요.. 더 열심히 다녀서 좋은데 많이 소개해드릴게요! 연트럴파크 사거리 근처에 있어서 찾아가기 편해요! 대충 보시면 딱 느낌오시죠? 힙한 분위기랄까요? 뭔가 모던한 느낌이 나죠! 심플하고 감각적이다! 라고 전 표현할래요 분위기맛집도 맞지만 진짜 찐으로 디저트에 진심이라서 연남동케이크로 이름 좀 날렸어요 라프하우스 대표님이 쉐프 출신이라 모든 디저트가 수제랍니다! 플레이팅도 얼마나 이쁘게요? 다양한 디저트로 유명한 곳이라서 빨간 휴일에 웨이팅을 피할 수 없었어요.. 그렇다고해서 엄청 오래기다리지않았어요! 친절하게 전화 다 해주셔서 주변에 연트럴파크 편집샵 이런데 구경가계셔도 됩니다! 다만 바로바로 올 수 있게 근처에 계시는 걸 추천드려요 ◡̈ 앙냥이는 그냥 옆에 의자에 앉아서 핸드폰 열심히 했습니다 ^^ 멀리서 느껴지는 부담스러운 눈빛… 저..입니다.. 최대한 안보려했는데 궁금해가지고 .. ㅎ 블로그에 올려야지 싶어서 열심히 사진 좀 찍고 그랬어요! ㅋㅋ 디저트가 엄청 기대됐는데.. 혼자 남겨져서 먹고싶었던걸 못먹었어요.. 배가 불렀거든요.. 연남동 디저트 맛집.. 그것도 파블로바케이크 성지에서 … 배불러서 커피에 작은거 하나 먹고왔어요.. 나중에 소중한 사람 생일이나 기념일에 여기 케잌 예약해서 그때 먹죠 뭐 ㅠㅠ 2층에 있기 때문에 계단으로 올라가주시면 됩니다! 주말에만 웨이팅이 있는 것 같더라구요! 평일엔 한적하게 이용가능하세요! 드디어 제 차례~! 빈자리를 치워주시고 안내 도와주셔서 정신없지않고 좋았어요. 자리마다 다른 가구 배치로 조금씩 다른 느낌이 나요! 창가자리는 사람구경하기에 좋아요 어디든 다른 분위기라 다 좋았고, 옆테이블에서 먹는 파블로바 케잌 눈으로 열심히 담았네요 ㅋㅋㅋㅋ 생일이셨는지 귀엽게 초도 불고 하시더라구요! 담엔 나도 꼭 먹을테다.. 창가자리 너무 좋죠! 2층이고, 연남동 골목도 좁고, 건물 빽빽해서 답답할 것 같은데 뷰도 좋고 시원하니 좋더라구요 날씨도 너무 좋았고, 이날 뭘 해도 기분 좋았을거예요! 물론 전 혼카페를 즐겼지만.. ◡̈ 그래도 좋았답니다! 그냥 대충 찍어도 예쁨.. 깔끔하고 인스타 감성, 힙한 카페라 사진찍을데도 많고 좋아요! 저를 찍어줄 사람이 없었지만 곳곳에 거울이 있어서 혼자 열심히 거울 셀카 찍었어요 헤헤 심쿵.. 초가 이렇게 귀여워도 될 일인가요? 라프하우스에서 맛있는 디저트, 음료, 귀여운 초도 구매할 수 있어요! 탐난다… 나중에 케잌 예약하고 픽업할때 꼭 같이 사야지 이런 초 소품샵에서만 파는거 아닌가요? 안가도 살 수 있게 준비해준 사장님의 센스 좋아요!!!!! 진짜 놀랐던 점 중 하나! 카페는 완성된 디저트를 바로 내놓는줄로만 알았는데.. 연남동 디저트맛집답게 주문시 즉시 플레이팅한다고 합니다. 이런 곳은 또 처음이라 ! 찐 디저트카페에 처음 와본 문찐 앙냥 ㅋㅋㅋ 이걸 혼자 오다니~ 주변친구들 또 데려와야겠다고 다짐한 곳! 역시 연남동이 핫플이라 그런지 데이트 온 커플분들도 많으시고, 친구들이랑 놀러나온 분들이 많았어요! 혼카페 할만 하던데요! 약간 심심하지만 또 혼자 막상 있으면 생각정리도 하고, 좋던데요! 저말고도 혼자 오신 분이 계셨어요! 별거 아니구만~~~! 소품도 하나하나 신경쓴게 보이더라구요! 힙한 인스타 감성 카페인데 디저트에 엄청 신경쓰는 곳! 사진찍기에도 좋고~ 입도 즐거운 곳이라는거죠 점심을 너무 든든하게 먹어가지고 그냥 아이스아메리카노랑 흑임자 다쿠아즈 하나 주문했어요! 여기가 dessert 맛집이라고 불리는 카페인데 아무것도 안먹으면 섭섭하잖아요 한입에 다 먹을 수 있으니까^^ 원두 타입을 고를 수 있는데 뷰스타앙냥인 산미를 좋아하지않아서 A타입으로 탕탕! Raf House는 물티슈도 준비완료! 잘 몰라서 찾아봤는데 말렌카 케이크라고 체코의 국민 케이크라고 하는데 맛있어서 공급받는 카페를 찾아다니는 매니아층도 있는 것 같더라구요! 애초에 한 나라에서 국민케잌이라고 칭할 정도면 맛있다는건데.. 정식적으로 납품받아서 판매한다는 팻말인가봐요! 신기방기.. 이런 것도 있었네요? 감각적인 모양의 거울! 이런 인테리어를 보면 참 신기해요 제가 꾸미면 그냥 잡동사니 어질러놓은 느낌인데.. 어떻게 이렇게 자연스럽고 감성 뿜뿜하게 사물들을 매치해서 두신걸까 싶어요 나중에 자취하게 되면 어떻게 꾸밀지 항상 막막해요.. 어딜가든 인테리어랑 소품 꼼꼼히 보는게 나중을 위해서랍니다 ㅋㅋㅋㅋㅋ 친구들은 잘 꾸며놓고 살더라구요? (다 그렇지않음.) 털실로 꾸며진 거울! 신기한 소품들로 가득했어요 왜 모던하고 힙하다고 했는지 아시겠죠?? 깔끔 무난한데 곳곳에 포인트가 다 있어요 카페가 작지않은데 또 그렇다고 엄청~ 넓은 대형카페가 아닌데 답답함이 없어요 막아놓고 분리하지도 않았지만 테이블간격도 적당하니 좋더라구요. 거울만 보면 사진찍는애.. 잇츠미 ㅋㅋ 거울셀카를 잘찍는다고 할 수 없지만 좋아합니다.. 인스타그램에 올릴 사진 열심히 찍었습니다~^^ 카페오면 국룰 아닌가요? 카톡 프사 업데이트랑 인스타 업로드 ㅋ 귀여운 로고 스티커도 주셨어요! 꾸미는데 감각 없는 앙냥이는 거의 스티커 콜렉터 붙이라고 주는건데..? ㅋㅋㅋㅋ 뭐 가지고 있는것도 감성이죠? 막 노트북에 이런저런 스티커 붙이는 분들이 멋있는데 전 막 열때문에 울지 않을까.. 이런저런 걱정으로 그냥 둡니다.. 그렇다고 스티커를 안받지는 않아요 ㅋㅋㅋ 주시면 감사히 받습니다 흑임자 다쿠아즈!!!!!!!!! 흑임자 맛없다는 사람 이세상에 없고~ 다쿠아즈 맛있죠~ 맛있는 것들이 모여 적당히 달고 고소하게 입안을 휘몰아쳤어요 ㅋ 혼자 차정비 기다린다고 뿔났는데 진정시켜준 녀석 너덕에 그 친구가 살아있어.. ㅋㅋㅋㅋㅋㅋㅋ 기분 좋아지는데에는 디저트만한게 없죠^^ 여친있는 남성분들 메모하세요~ 맛있는거 먹는데 화안풀 사람 없습니다~ 옆에서 보면 흑임자 크림 듬뿍~ 얼마나 맛있게요! 3,800원의 행복 붙이지않아도 가져감~ ㅋㅋㅋ 스티커도 예뻐… 이 감각 나도 좀 배웠으면.. 네, 아이스아메리카노 원샷합니다. 날씨가 이날 더운듯 안더운듯 따뜻해서 아이스아메리카노 개시했습니다~ 그전까지 혼자 뜨거운거 마셨어요 ㅋㅋㅋ 얼죽아인 분들은 젊은.. ㅋㅋㅋㅋ 미운사람 떡하나 더준다고, 다쿠아즈 하나 포장~! 난 정말 착해~ 맛있는걸 보고서 챙겨주는 사람 착한사람이잖아요! (강요하기) 문을 나서는데 파란 벽면에 라프가 도배돼있는데 이뻐서 찍었어요 ㅎ 이런게 힙한걸까..? 앙냥으로 도배하면 이런 느낌은 안날텐데.. 제가 들어오고서도 웨이팅 리스트가 차있었어요! 한시간정도 머물었는데 회전율이 나쁘지않아요 맛난 디저트 먹고 수다 좀 떨다가 다들 자리옮기니까 걱정하실 필요없어요! 커페 자체에서도 주말 운영방침이 따로 있어서 두시간 이상 못있게 하신다는데 다들 그전에 나가시는 것 같아요! 술도 판매하더라구요! 메뉴판에 칵테일메뉴 혹시 보셨나요? 맥주도 판매중이랍니다! 다양한 음료와 디저트, 칵테일과 맥주도 즐길 수 있는 연남동 카페 라프하우스에서 좋은 시간 보내세요! 파블로바 딱 기다려~ RAF HOUSE 인스타그램 계정⬇️⬇️⬇️ https://instagram.com/rafhouse_seoul?igshid=YmMyMTA2M2Y= 라프하우스(@rafhouse_seoul) • Instagram 사진 및 동영상 팔로워 829명, 팔로잉 3명, 게시물 103개 - 라프하우스(@rafhouse_seoul)님의 Instagram 사진 및 동영상 보기 instagram.com"
연남동 카페 - 라프하우스RAFHOUSE 연남 비가 진짜 역대급 많이 온날이다,연남동 카페 - 라프하우스RAFHOUSE 연남 비가 진짜 역대급 많이 온날이다 앗녕~~하세요! 와 이날은 역대급 비가 많이 왔어요 물론 더 많이 온 날도 있겠지만 비를 막아도 막아도 오고 앞으로 막으면 뒤가 맞고.. 위를 막으면 앞뒤 신발 다 젖고.. 이게 머선129 그래도 침착하게 카페를 갔습니다! 최근에 생긴 곳이에요! 라프하우스라는 연남동에 있는 카페랍니다! 짜잔 비가 많이 오니까 날도 엄청 흐리죠! 대박이다 이런 비는 첨이다 휴 여기는 풀뜯는 돼지 아시나요? 연남동에 있는 미나리 삼겹살집 앞에 있어서 커피마시고 삼겹살 코스를 가면 될 거 같아요 담에 우리 커플도 그렇게 해보려구요!!! 연트럴파크에 있어서 찾기도 쉬워요! 갬성이 있죠! 나는 아이라이킷인 뎅!!! 라프하우스에 스티커도 있어요! 카페에서는 처음 보내요! 슈프림 옷사면 주고는 하는 스티커랑 비슷하네요! 아이스아메리카노랑 석류팬지에이드 한잔씩 주문했어요! 까눌레가 침착하게 있네요! 자! 역대급이라고 평가 받았던 석류팬지에이드입니다! 석류팬지에이드가 여자친구가 마셔본 에이드 중에서 인생 맛집이라고 합니다! 얼마나 맛있는 지 저도 한입해볼게요 역대급 맞아요! 달고 에이드에 시원한 목청을 때리는 맛까지 너무 맛있네요! 커피 받침도 양탄자에요! 양탄자를 타고 놀러가고 싶네요!! 어디든 갈 수 있겠죠 비만 안오면 좋을텐데 말이에요! 마지막 사진은 우리 커플이 좋아하는 연남동에 있는 불나방입니다! 불나방에서 스테이크 세트에서 삼겹살세트를 시켜봤는 데 역시는 역시다!!!! 너무 맛있어서 다음엔 무슨 세트를 시켜야될 지 고민이 크게 된다! 둘 다 먹을까???ㅎㅎ 그러면 되겠구만! 2021.07.03 비가 진심 사방에서 다 내리고 옷이 다…하 그래도 추억이다! 라프하우스 서울특별시 마포구 동교로32길 10 2층 라프하우스 불나방 서울특별시 마포구 와우산로29길 4-26
연남동 카페 연남동디저트카페 데이트코스 라프하우스 Raf house,안녕하세요 디뽀입니당! 오늘은 연남동에 있는 연트럴파크 사거리 근처에 있는 힙한 분위기의 디저트 카페를 다녀왔습니당!! 홍대입구역 3번출구에서 5분거리에 위치하고 있어서 쉽게 찾았습니다! 이쁜건물 앞에 귀여운 입간판을 보고 이층을 올려다보니 확 트인 통유리창벽에 메리크리스마스문구가 반겨주고있어용 계단으로 올라가보면 대기석이 있구용 계단으로 올라가보니 이쁜 포스트들이 붙어있어요~ 올라가는 길에도 인테리어를 신경쓰신거같아요! 실내 분위기 갑.. 힙하면서 모던하면서 인스타갬성카페 느낌이 너무 좋은데요~ 크리스마스라 크리스마스분위기를 더한것 같아요~ 자리마다 느낌이 달라서 다 앉아보고 싶었어요🥺 특히 붙어있는 포스트들이나 인테리어 소품들이 너무 제 스타일이였다능🥰 카운터를 한번 스윽 보니 옆에는 라프하우스가 적혀있는 포토존 거울이 하나 있는데요! 귀여워서 저도 한장 찰칵 하고 저만 보관하는걸로 ㅎㅎ 메뉴판 옆에보면 라프하우스 뜻이 적혀있는데요! “coexistence by respect” 존중에 의한 공존 이 문구만봐도 라프하우스의 사장님의 마음이 느껴지는데요 서로가 서로를 존중하며 공존하자 라고 생각이 듭니다 ㅎㅎ 라프하우스는 디저트가 유명한 이유가 있죠? 대표님께서 쉐프출신이시라 모든 ㄷ저트가 수제입니다! 그리고 플레팅이 화려해서 보기도 좋고 맛도 훌룡한데요 ㅎㅎ 파블로바케이크와 석류펜지에이드 라프라떼 등장!! 이 케이크는 밀가루함량이 전혀없는 머랭케이크에 마스카포네 크림과 제철과일이 듬뿍올라갔는데요~ 과하게 달지않고 바삭하면서 몽글몽글한 식감이 남다른 케이크였어요~ 아무래도 이번생은 다이어트는 포기해야할거같아요.. 석류에이드는 흔하지않은 에이드인데요~ 살짝 달달하면서 상큼하고 따로주신 펜지시럽을 부어서 저어서 드시면됩니다! 빨대로 호로록!! 들이마시면 바닥에 깔린 젤리가 얌얌씹히는데 진짜 너무 맛있었어용 그리고 제일 특이하고 신기했던 라프라떼!! 사장님의 추천을 받아 주문해봤는데요~ 일반라떼랑은 다르게 오렌지 크림이 위에덮혀져있구 말린오렌지가 올라가있어서 디자인도 이뻤어요~ 물론 이쁜것도 중요하지만 맛도 정말 좋았구요 ㅎㅎ 파블로바케이크 스윽 싹- 스윽 싹- 너무 이뻐서 먹기 아까울정도였어요ㅠㅠ 시럽 휘적휘적 잘저어먹으라고 에이드잔길이와 맞는 스푼도 같이 들어있었구요~ 다음번에는 좀 더 한가한 시간에와서 다른디저트와 음료도 맛봐야겠어용~💕 주소 서울 마포구 동교로32길 10 2층 전화번호 0507-1389-7353 영업시간 일-목 11;00~21:00 금-토 11:00~22:00 주차 주차불가 라프하우스 서울특별시 마포구 동교로32길 10 2층 라프하우스
