title,content
[서울카페/성수동1가]스타벅스 뚝섬역점::밤에도 사람들이 많은 뚝섬역카페,"50m © NAVER Corp. 스타벅스 뚝섬역점 서울특별시 성동구 아차산로 42 예약 스타벅스 뚝섬역점 15,700원 ⭐️⭐️⭐️✨ 사실 밤에 젤 만만하게 가기 좋은 카페는 스벅이다 원래는 내가 성수동까지 밤에 왔으니까 그 기념으로 와인바, 칵테일바 이런데 가고싶은데 아놔,,, 진짜 시골영감탱뀨는 자기는 그런거 안받는다고 싫단다 아니.. 분위기가 있어달라고!!!! 근데 이 근방 카페는 그리 오래 운영하지 않아서 걷다가 스벅으로 들어갔다! 사실 족발이 느글거려서... 뭔가 빵을 먹어주고싶었는데 너무 크리미한거 말고...! 이렇게 시켜보았다 3층까지 스벅이라구~ 근데 이층은 사람 꽉차서 삼층갔다구! 진짜 밤까지 사람 짱많다 삼층은 자리가 몇 있긴한데 그래도 사람이 많음 여기 근데 콘센트 자리가 많진 않아서 노트북하기엔 자리싸움을 해야할 듯 하다 이쁘게 한 컷 찍어주고 아니... 스콘을 사서 딸기잼도 같이 사려고했는데 딸기잼이 품절이다 스콘자체는 맛있는 친군데 찍어먹을게 없으니까 넘 퍽퍽했다구 ㅠㅜ 아이스얼그레이 바닐라티라떼 이건 뭔데 칼로리도 높냐...? ㅋㅋㅋㅋㅋ 밀크티 특유의 먹고나서 입 텁텁함은 있긴한데 그리 심한편도 아니고 저녁에 잘 잔거로 보아 카페인이 날 그리 강하게 때리진 않았다 그래도 밤보단 낮에 먹기 좋은 음료? 과하지 않아서 이것도 맘에 들었음 나중에 또 먹어야징! 망고바나나 내가 원래 스벅에서 좋아하던 메뉴인데 그.. 망고 먹을때 껍질쪽에 쓴부분이랄까? 이번엔 그게 넘 많이 느껴져서 잘 먹질 못했다.. 후우 아쉬워라 망고의 씁쓰르함이 많은건 싫어!! 주말에 어김없이 맨발걷기~ 근데 매미가 미친듯이 울었다 여름이군! 요즘 생로병사의 비밀에 맨발걷기나와서그런가 우리 앞산 핫플되었다구! 스타벅스 뚝섬역점 장소 : 서울 성동구 아차산로 42 시간 : 07:00-22:00/주말 08:00-22:00 특징 : 밤에도 사람이 많음 #서울카페 #성수동1가카페 #성수동카페 #뚝섬역카페 #스타벅스 #스타벅스뚝섬역점 #스벅뚝섬역점 #망고바나나 #아이스얼그레이바닐라티라떼 #플레인스콘"
뚝섬맛집 강남교자 뚝섬역점 성수동 46년전통 칼국수맛집,"뚝섬맛집 강남교자 뚝섬역점 듬뿍 올려진 고기고명만큼 진한 국물의 칼국수. 육즙가득 만두와 즐기는 46년전통 뚝섬 칼국수맛집 아침부터 단풍구경 겸 서울숲 산책을했다. 요즘 휴일마다 아침산책을했는데 서울숲 은행나무숲 노랗게 물든 단풍만큼이나 제법 쌀쌀해졌다. 도시락 싸들고 나와 여유즐기는 분들도 많던데 우린 평상에 앉아 덜덜 떨다가 뜨끈한 국물요리가 땡겨 뚝섬역으로 향했다. 성수동 46년전통의 칼국수맛집 뚝섬맛집 강남교자 흔한 칼국수와 달리 진하디 진한 고깃국물이 별미. 육즙이 줄줄흐르는 만두와 즐기면 세상 든든하다. 뚝섬역 5번출구와 스타벅스 사잇골목에 서울숲에이타워(강남교자건물) 주차장 입구가 있고 주차장 반대방향에 강남교자가 있다. 역에서 걸어서 1~2분이라 접근성도 아주 좋음. 지식산업센터 건물이다보니 주말의 업무단지라 한산할 줄 알았으나 우리가 방문한 후 30분만에 홀이 거의 찼다. 혼밥은 물론 단체방문도 좋을만한 테이블. 오크&우드 색상의 따스하고 고풍스러운 분위기였다. 뚝섬맛집 강남교자 메뉴는 주로 면요리. 최고급 생면밀가루로 3시간이상 자연숙성한 칼국수면을 사용하니 면발부터가 맛이 좋았다. 칼국수와 수제비, 떡국, 닭개장 등 추운날씨 속 뜨뜻이 데워줄 국물요리는 물론, 비빔국수, 초계국수, 콩국수 등 시원하게 갈증해소 해 줄 메뉴도 있고, 보쌈은 식사에 곁들이거나 가벼운 술안주로 좋은 메뉴다. 가족세트와 연인세트로 보다 저렴하게 즐길 수 있음! 참고로, 면사리 추가는 1,000원. 공깃밥은 무료니 처음 주문할때 같이 주문해주면된다. 성수동칼국수 강남교자는 김치가 맛있기로 유명하다. 일명 마늘김치. 칼국수집은 김치맛이 생명이라는데 여긴 칼국수도 끝내주고 김치도 끝내줌! 항아리에서 먹을만큼만 꺼내 먹는데 몇번을 꺼내먹었는지 ㅋㅋ 칼국수 비주얼 ㅋㅋ 레알 화려함. 강남역에서 유명한 강남교자. 명동 명물 명동교자와도 상당히 비슷한 모습이다. 리뷰전이지만 얼마전 명동교자 본점에 다녀왔는데 역시나 짠맛이 여전하더라. 강남교자가 더 깔끔하고 맛있었음! 뚝섬맛집 성수동칼국수 강남교자 칼국수 9,000원 얼큰칼국수 9,000원 반반만두(교자&메밀김치) 8,000원 뚝섬맛집 강남교자 성수동 46년 전통 칼국수맛집 재생 2 좋아요 0 00:00 00:16  접기/펴기 뚝섬맛집 강남교자 성수동 46년 전통 칼국수맛집 #뚝섬맛집 #칼국수맛집 #만두맛집 #교자칼국수 공깃밥 무료에 면사리추가가 단돈 1,000원이지만 사실 이 한그릇만으로도 든든했다. 개인적으로 건더기 많은걸 좋아하는 입맛이라 강남교자 칼국수는 완전 취저였다. 호박몇조각, 당근몇조각 넣어 끓인 칼국수와 차원이 다른 고명대박 칼국수. 칼국수에도 미니만두가 여럿 들어있었다. 야들야들 피 안에 동그랗게 말아들어간 만두소. 너불너불한 식감이 완전 별미라는! 신랑은 얼큰칼국수가 매울까봐 기본을 주문했는데 내꺼 한 입 하더니 계속 숟가락을 들이댔다ㅋㅋ 얼큰칼국수라고 맵지는 않고 기본 칼국수는 담백한맛이라 자극이 약간 더 강한정도. 아이가 아닌이상 누구나 드실만한 맛이었다. 이미 여러번 방문하신 테이블에선 얼큰 넷이요! 하는 주문이 많았다. 나도 얼큰칼국수를 추천함! 보이는 색깔만큼이나 국물이 엄청 진하다. 고깃국물인데 굳이 비교하자면 사골보단 갈비탕쪽. 칼국수와 만두가 들어가 살짝 질펀한 느낌은 있지만 국물만큼은 퍼지지 않고 개운한맛이었다. 확실히 면발이 끝내줬다. 보들보들하면서도 면발 심지는 쫀쫀했다. 금새 불지 않아 한그릇 뚝딱 할 때까지 상태가 유지되는편. 간고기고명이 알알이 계속 씹히고 짭조름한 고기육수 잔뜩 머금은 양파채와 갖은채소 곁들여 떠먹는맛이 일품이었다. 진짜 고명 머선일이고 ㅋㅋㅋ 그냥 칼국수그릇 긁어보면 고기고명이 저렇게 딸려올라온다. 김치와의 궁합 단연 최고. 이 김치맛때문에 오시는분들도 계신다더니. 칼국수도 맛있었는데 김치덕에 더 정신놓고 흡입한듯. 칼국수가 진한 고깃국물이라 더욱 더 잘어울렸다. 10개월 이내의 암퇘지로 만들었다는 성수동 만두맛집 강남교자. 중국 쇼롱포처럼 쭉 찢어 육즙냈다 먹어야할만큼 상당한 육즙을 갖고있다. 고기육즙에 참기름이 어우러져 굉장히 고소했다. 육즙이 너무 넘쳐도 만두가 느끼한데 적당한 사이즈라 부담스럽지 않고, 칼국수 먹다가 한 입씩 쏙쏙 입에 넣기 좋았다. 메밀김치만두는 매콤새콤한 흔한 김치만두맛은 아니었고, 이북식만두처럼 슴슴한 스타일이었다. 난 김치만두는 맵고 칼칼해야 맛있다주의라 자극적인 고기만두가 더 입맛에 맞았지만, 신랑은 담백하고 아삭한 맛이 계속 당긴다며 다 먹어버렸다 ㅋ 강남교자 칼국수는 면을 다 먹어갈수록 진가가 나오더라. 국수그릇 바닥에 고명이 아주 쌓여있다 ㅋㅋㅋ 그래서들 밥까지 말아 싹 싹 드시나보다. 우린 칼국수고명 한움큼 퍼서 만두까지 척 올려먹었다. 뚝섬맛집 강남교자 칼국수 한그릇에 몸 보양 제대로 한 기분이었다. 굳이 설명하지않아도 이미 유명한 칼국수맛집 육즙작렬 만두맛집 만두까지최고니 점점 추워지는 요즘 뜨끈한 성수동 칼국수맛집 에서 보양해보시길! 50m © NAVER Corp. 강남교자 뚝섬역점 서울특별시 성동구 상원1길 26 서울숲에이타워 1층 강남교자 전화번호 02-6077-7040 영업시간 평일 11 : 00 ~ 21 : 00 주말 11 : 00 ~ 20 : 30 마감 30분전 L.O 주차 건물 지하주차장 무료주차. #닭칼국수 #교자만두 #칼국수장인 #마늘김치 #강남교자칼국수 #성수동칼국수 #성수동전통맛집 #성수동만두맛집 #성수동만두 #성수동교자칼국수 #성수동닭개장 #성수동닭칼국수 #성수동비빔국수 #뚝섬역맛집 #뚝섬역점심 #뚝섬역칼국수 #뚝섬역만두 #뚝섬칼국수 #뚝섬만두 #뚝섬로컬맛집 #성수동김치맛집 #성수동국물맛집 #성수동육수맛집 #성수동교자만두 #성수동국수장인 #강남교자"
스타벅스뚝섬역점 카페라떼 무료샷추가로 더 진하고 고소하게~,"안녕하세요! 라온한 머리하는 미지쌤이예요 매주 교육이 있어서 성수동을 찾는 요즘. 뚝섬역 5번출구 바로 앞에 위치한 스타벅스를 애용하고 있답니다. 지하철 출구 바로 앞에 위치하고 있어서 더 자주 이용을 하는거 같아요. 50m © NAVER Corp. 스타벅스 뚝섬역점 서울특별시 성동구 아차산로 42 예약 매일07:00:~22:00 토,일08:00~22:00 TEL 1522-3232 뚝섬역 5번출구 바로앞 정명빌딩 1층에 위치한 스타벅스뚝섬역점. 3월14일부터3월20일까지 카페라떼 주문시, 무료로 샷을 추가할수 있는 이벤트가 진행중이예요. 사리렌 오더 및 딜리버스 주문은 불가하니 이점 유의해 주세요. 샷추가고 라떼를 더욱 진하고 고소하게 즐겨 보세요. 저도 교육 가기전 진하게 라떼 한잔을 구입 하기위해 스타벅스뚝섬역에 방문을 하였어요. 사진을 찍고~~교육장으로~~^^ 좌석은 2층에 마련되어 있어요. 스타벅스뚝섬역점 재생 6 좋아요 3 00:00 00:04  접기/펴기 스타벅스 뚝섬역점 1층 모습. 여기는 1층. 주문하고 기다리시는 분들이 많으시네요. 계단을 올라가면 여자화장실이 보이고 여기가 2층 입구예요. 이건 2층 좌석들의 전체적인 느낌이예요. 오전에는 사람들이 별로 없지만, 오후시간에는 자리가 없을정도로 사람들이 많았답니다. 아침인데도 노트북 켜고 무언가 열심히 하시는 분들도 많이 계시네요~~~ 요건 창가 자리에서 본 바깥풍경. 이상 라온한 미지쌤이였습니다. 오늘도 제 블로그 방문해 주셔서 감사합니다. http://pf.kakao.com/_CRzYb 헤어살롱바오미지쌤 미용의,미용에의한,미용을위한 미지쌤. pf.kakao.com 카카오채널 개설 했어요. 맞추환영합니다. 선추하시고 글 남겨주시면 맞추하러갈께용^^ 많이 부족하지만 예쁘게 봐주시면 감사합니다. 궁금할 땐 네이버 톡톡하세요! Instagram의 행복한하루하루(@pygmalion0001)님 프로필 • 게시물 116개 팔로워 158명, 팔로잉 119명, 게시물 116개 - 행복한하루하루(@pygmalion0001)님의 Instagram 사진 및 동영상 보기 www.instagram.com #스타벅스뚝섬역점 #뚝섬역5번출구카페 #스타벅스화장실 #스벅라떼샷추가이벤트 #미지쌤 #미용하는미지쌤 #서이추 #서이추환영 #헤어살롱바오 #청주바오헤어미지쌤 ********헤어살롱바오******** 영업시간 평일 10:00~20:00 주말 10:00~19:00 매주 화요일은 휴무입니다. 미지쌤 off 화,목요일 전화번호는 043)277-3332 네이버 예약 하시고 방문해 주세요. 미지쌤 네이버 예약시 20% 할인 이벤트중. 헤어살롱바오 : 네이버 통합검색 '헤어살롱바오'의 네이버 통합검색 결과입니다. search.naver.com 헤어살롱바오에는 미지쌤 시술 20% 할인 이벤트 진행중이예요. 예약하시고 방문해 주세요."
성수동 스타벅스 - 성수역 뚝섬역 서울숲역 이마트점,"#성수동스타벅스 #스타벅스뚝섬역 #스타벅스서울숲 #스타벅스성수역 성수동 스타벅스 성수역/ 뚝섬역/ 서울숲역/ 이마트성수점 성수역 4번 출구 부근 새 건물에 넓은 스타벅스가 생겨서 가보게 되었습니다. 3분거리에 비슷한 정도의 넓은 스타벅스 매장이 있는데 또 생겨서 좀 의아하기도 합니다. 요즘은 스세권(스타벅스가 가까이 있는 생활권)이라는 신종어가 생길만큼 스타벅스 위치에 관심이 많은 듯한데요, 이 참에 성수역, 뚝섬역, 서울숲역 등 성수동의 스타벅스 위치를 기록으로 남겨보려고해요. (1) 성수역 4번 출구의 스타벅스 성수역 4번 출구로 나와서 뒤로 돌아가면 새로 생긴 빌딩 1층의 스타벅스 입니다. 새건물에 새로 생긴만큼 더할나위 없이 깨끗하고 넓고 좋아요. 성수역 근처에 대형 베이커리 카페도 생겼던데 코로나만 아니면 카페가서 오래 앉아 책 읽고 싶네요. 창가 자리에 앉아서 책 읽으면 집중이 잘 될것 같아요. 다양한 스타일의 테이블과 의자가 준비되어 있어요. 아침 일찍 가서 사람들 없을 때 커피 한잔하니 좋았습니다. 오후에는 사람이 많네요. 저는 좁고 아기자기한 감성 카페보다는 편하고 주목받지 않는 공간, 직선적이고 넓고 뻥뚫린 현대적인 느낌을 좋아하는 편이라 아주 좋았습니다. (2) 성수역 3번출구의 스타벅스 성수역 3번출구에서 2분거리에 있는 스타벅스에요. 굉장히 넓은 매장에 역 부근이라 항상 사람이 많아요. 이제는 사람들이 4번 출구에 새로 생긴 스타벅스를 더 선호할 것 같긴해요. (3) 뚝섬역 스타벅스 건물이 좁고 긴 직사각형 모양으로 되어 있어서 독특해요. 뻥 뚫린 큰 매장을 좋아해서 저는 건물 내부가 살짝 답답한 느낌도 드는데 역 앞이라선지 사람은 항상 붐비는 것 같아요. 좁고 긴 건물 3층까지가 스타벅스 매장이에요. 공간이 좁다보니 1층에는 자리가 몇자리 없어요. 옆에서 본 건물과 다양한 굿즈들. (4) 스타벅스 이마트 성수점 2층 이마트 안에 있어서 이마트 쉬는 날은 같이 놀아요. 자리는 거의 이용하기 어려운데 테이크아웃 해가는 사람들이 항상 많아요. 마트에서 장 보다가 커피 생각날 때 이용하기 좋으네요. (5) 스타벅스 서울숲역 스타벅스 서울숲역점도 넓은 공간에 건물도 생긴지 몇년 안되어서 깨끗해서 좋아요. 서울숲역 3분정도 거리에 음식점들과 극장이 있는 건물이고 주차도 되는 것 같고 바로 앞이 서울숲이어서 위치가 좋아요."
[스타벅스 뚝섬역점] 안내,한강에 부는 바람처럼 산뜻한 커피향을 담고 있는 뚝섬역점입니다. 서울특별시 성동구 아차산로 42 (성수동1가) 서울특별시 성동구 성수동1가 14-33 정명빌딩 1. 주차불가능 지하철 2호선 뚝섬역 5번 출구 하차 후 도보 1분 정명빌딩 1층 #스타벅스논란 #스타벅스알바직원파트너 #스타벅스취소 #스타벅스설날구정 #스타벅스추석 #스타벅스쉬는날 #스타벅스휴무일빨간날 #스타벅스리유저블컵 #스타벅스콘센트 #스타벅스충전 #스타벅스화장실비밀번호 #스벅 #스타벅스어플 #스타벅스주소 #스타벅스주차 #스타벅스위치 #스타벅스전화번호 #스타벅스고객센터 #스타벅스이벤트 #스타벅스다이어리 #스타벅스프리퀀시 #스타벅스환불 #스타벅스사이렌오더 #스타벅스달력 #스타벅스매장 #스타벅스신규
약손명가 뚝섬역점 성수동 피부관리는 여기!,"약손명가 뚝섬역점에서 아주 좋은 관리를 받고 왔어요! 요즘 워낙 얼굴 근육도 좀 뭉친느낌이고 이래저래 찌뿌둥했기 때문에 약손명가 손길을 좀 받고 싶었거든요. 이번에 처음 방문해본,지점인데 새로 오픈해서 인테리어도 예쁘고 너무너무 위생적으로 깨끗하면서. 원장님과 직원분들의 정성이 가득했던 약손명가 뚝섬역점에 다녀왔습니다:) 요즘 가장 중요한게 위생과 청결관리 잖아요. 체온+손소독+문진표 철저하게 관리하시기 때문에 코로나로부터 안심할 수 있었어요. 상냥하신 원장님과 상담 끝에 받게된 관리는 바로 연예인 특별 관리B 입니다. 연예인들 뿐만 아니라 신부님들이 웨딩케어로도 많이 받는 관리 인데요. 1회만 받아도 비포&애프터가 좋기로 소문이 자자한 관리라고 하네요! 새로 개발한 에너지 세럼을 바르고 약손테라피를 진행하는데 그동안 약손명가에서 한번도 받아보지 못했던 거라 기대가 많이 됐어요. 성수동 피부관리 맛집이라 소문이 자자하니 저도 믿고 선택했습니다! 탈의실로 안내받아 탈의를 하려는데 어머나 세상이 이렇게 예쁜 조명은 또 뭔가요! 셀카존인가요~ 파우더룸이 넘 예뻤어요. 무엇보다도 진짜 깨끗했습니다!!!!!! 관리를 받기 위해 약속명가 티셔츠와 바지로 갈아입었어요. 사이즈별로 잘 정리 되어 있습니다. 그리고 요즘은 프라이빗한 룸을 많이 선호하시잖아요. 성수동 피부관리 약손명가 뚝섬역점은 다양한 룸이 준비되어 있어서 걱정없어요! 짠 제가 누울 공간입니다. 저는 진짜 관리 받을때가 제일 행복해요. 직원분들이 오셔서 다리관리부터 시작을 하는데요. 앉아있는 직업탓이기도 하고. 또 제가 그 와중에 습관적으로 다리를 꼬기 때문에 골반 관리 해주시는거 너무너무 시원했어요! 뭐 격한 움직임 없이 조곤조곤 뭉친곳 풀어주고 스트레칭 해주시고 다리관리는 처음인데 아주 좋았습니다. 팔-데콜데-두피-관리로 이어지는데 정말 스르륵 잠이 쏟아질 정도로 기분 좋은 관리를 받았어요! 연예인 특별관리의 꽃인 원장님의 특별 약손 테라피 관리! 특이하게 엎드려서 상체를 세운 상태로 관리를 받아요. 워낙 꼼꼼하신 원장님 손길에 아 영원히 관리받는 시간이 끝나지 않았으면... 하고 속으로 생각했어요ㅋㅋ 마무리 팩을 올려주셨는데 팩이 향도 엄청 좋음ㅋㅋㅋ 계속 코를 킁킁킁- 거렸어요. 2시간의 힐링! 오랜만에 성수동 피부관리로 약손명가 뚝섬역점에 방문해서 한동안 자꾸 붓는거 같았던 제 얼굴을 붓기관리 해주시고, 얼굴라인을 예쁘게 관리해주셨어요! 진짜 제가 약손명가 20회도 다녀보고 했는데 붓기개선으로 얼굴선이 가꿔주니까 너무너무 좋아요! 피부결도 개선된 이느낌~너무 좋아요! 곳곳에 넘 아늑하고 예쁜 인테리어라서 자꾸 셀카를 남기고 싶더라구요ㅋㅋㅋ 1회 관리에 에센스 1병을 다 발라주시는데, 저는 조금 남아서 원장님이 챙겨주셨어요. 이건 무조건 1인에게 1병을 다 쓰기 때문에 저처럼 간혹 좀 남으면 챙겨주신다고 하네요. 원장님의 꼼꼼한 손길 덕분에 1회만 받아도 관리가 정말 시원하고 개운했어요! 약손명가 뚝섬역점 원장님과 직원분들 친절하신데 실력도 정말 좋으세요!! 저는 이제 성수동 피부관리는 무조건! 여기로 올께용ㅋㅋ 세스코로 늘 관리하고 계시고 제로페이&성동상품권도 사용가능해요! 개인적으로 약손명가를 좋아하는 이유는 가격이 오픈되어 있다는거! 관리 과정과 가격이 정직하게 오픈되어 있어요. 관리 끝나고 새 마스크까지 챙겨주시는 약손명가 뚝섬역점의 세심함 ! 약손명가 뚝섬역점 위치가 정말 뚝섬역 코앞! 5번 출구로 나와서 오른쪽으로 고개 돌리면 스타벅스가 보여요. 스타벅스를 지나쳐서 고개를 들어 2층을 보면 약손명가가 보입니다. 50m © NAVER Corp. 약손명가 뚝섬역점 서울특별시 성동구 상원길 24 3층 이제부터 성수동 피부관리는 고민하지 않고 여기로 올께요! #약손명가뚝섬역점"
성수동피부관리 이중턱관리: 약손명가 뚝섬역점 솔직후기 & 약손명가 가격,"안녕안녕하신가요!? 30대 진입하니까 확실히 탄력이... 특히 턱라인이 이중턱처럼 쳐지는 느낌이 들더라구요ㅠ 이대론 안되겠다 싶어서 더 심해지기 전에 #성수동피부관리 #성수동이중턱관리 받으러 #약손명가 #약손명가뚝섬역점 에 예약하고 다녀왔습니당~~! 성수동피부관리 : 약손명가 뚝섬역점 평일 10:00 - 22:00 토요일 09:00 - 17:30 공휴일 10:00 - 18:00 예약문의: 02-499-8777 010-4414-8776 #약손명가뚝섬역점 의 대표 프로그램관리 가격이 입구에 잘 게시되어 있어서 확인이 가능해요~ 제가 오늘 받은 #약손명가이중턱관리 가격은 아래에 아주 자세히 알려드릴게요~~ #약손명가 에 입장 후 우선 체온부터 바로 측정합니당! 그리고 큐알코드 체크 및 코로나19문진표 작성도 했어요~ 아주 철저하게 위생 및 청결관리를 하니까 코로나로부터 안심이 되더라구요~~ 대기하는 공간에 공기청정기도 있고, 심지어 세스코 UV파워 공기살균기도 배치되어 있었어요! 와우!! 지점 내 음식물 섭취 금지하는 것도 마음에 들었어요! #성수동피부관리 #약손명가뚝섬역점 황고은 원장님이 직접 #이중턱관리 프로그램에 대한 상담 및 설명을 친절히 해주셨어요~ #약손명가뚝섬점 락커룸의 모습이에요~ 가운이 개별 비닐포장되어 있어서 위생적이기도 했고, 의류비닐포장은 플라스틱 제품을 재활용하여 만들어진 것으로, 사용 후에도 다시 업체에 보내서 다시 재활용된다고 해서 환경도 생각하는 #약손명가 이구나 라고 느꼈답니당! 락커룸 안에는 요렇게 미니 파우더 공간도 준비되어 있어서 피부관리 후에 헤어라인 정리도 가능해요~ #성수동에스테틱 #약손명가 #서울숲약손명가 관리실이 생각보다 많았어요~! 1인실 프라이빗한 골드룸이 두개 있었구요~ 그리고 모녀끼리 또는 친구끼리 같이 오붓하게 받기 좋은 2인실도 있었어요~ 저는 #약손명가뚝섬역점 에서 가장 넓고 쾌적한 그라운드 4인실에서 관리를 받았답니당! 다른 고객님이 없으셔서 더 편하게 받았어요~ 약손명가 이중턱관리 클렌징 > 1차 디톡스관리 > 데콜테관리 > 앰플관리 > 이중턱 테라피 > 2차 팩 > 팔크림관리 > 마무리 관리시간 1시간 30분 #약손명가이중턱관리 는 신진대사에 도움되는 은행껍질을 발효시켜 만든 제품을 사용해서 턱 주위에 있는 볼록한 라인을 케어하여 매끄러운 턱라인이 되도록 관리해주는 프로그램입니다! 우선 가장 먼저 클렌징 및 스킨으로 피부결 정리 후 1차 각질제거 디톡스관리가 들어가는데요~ 이중턱관리 프로그램은 이렇게 #약손명가 만의 특수제품을 사용하기 때문에 단기간에 빠른 변화를 볼 수 있을 뿐만 아니라 1회만 관리받아도 얼굴의 전후 변화가 잘 보인다고 원장님이 상담때 설명해주셨어용! 1차 디톡스팩을 올린 후, 팩의 좋은성분이 피부에 잘 흡수되는 동안 데콜테관리가 동시에 들어가요~ #약손명가 #이중턱관리의 가장 중요한 순서! 앰플관리가 들어가는데요~ 은행추출물 성분의 앰플 한병이 전부 다 사용돼요! 약손명가 특수제품 앰플을 얼굴에 도포 후, 턱라인을 집중공략하는 이중턱테라피가 같이 진행됩니다! 약 30분 동안 이중턱테라피가 진행되는데 원장님께서 성심성의껏 영혼을 끌어모으듯 정성을 다해서 저의 쳐진 턱라인을 쫙쫙 올려주셨어욤ㅎㅎㅎ 앰플이 피부에 다 흡수되었다 싶으면 또 앰플을 도포해주시면서 앰플 한 병을 다쓰는 동안 테라피가 진행되니까 계속 촉촉한 상태를 유지했어요~~ #약손명가 #이중턱테라피 가 끝나면 2차팩으로 탄력팩을 아주 꼼꼼히 붓으로 발라주세용! 턱라인 부위에 집중적으로 리프팅팩을 올려주니까 쫀쫀하게 위로 땡겨지는 느낌이 들더라구요~ 확실히 턱살이 쳐지는걸 방지해주고 있구나 라는 기분이 들었어용!!ㅎㅎㅎㅎ 넘흐 죠아!!! 2차 리프팅팩이 피부에 흡수되는 동안 팔 크림관리와 두피관리까지 같이 진행되요~ 두피관리도 너무너무 시원하고 좋았어요! #약손명가뚝섬역점 #약손명가이중턱관리 관리 받은 후의 모습입니당!! 확실히 턱라인을 집중공략하니까 볼록하게 만져지는 부위가 완전 매끈해져있더라구요~!!! 넘나 신기해!!! 1회 관리만으로도 만족도가 높을만해용!!! 약손명가 가격 페이스 - 인텐시브 - 바디 - 스페셜 크게 4개 부류의 프로그램 제가 오늘 #약손명가 #약손명가뚝섬 에서 받은 #약손명가이중턱관리 프로그램에 대한 자세한 가격이에요~~! 약손명가 #고객과의약속 제도로, 20회 진행했을 때 최종사진상 얼굴크기에 변화가 없을 경우에는 추가 무료관리가 진행되어서 고객과의 약속을 지킨다고하니까 완전 믿음이 가고 신뢰할 수가 있겠더라구요~ 돈 썼는데 확실한 변화가 있어야하니까영~~~ 요즘은 웨딩준비로 많은 신부님들이 선택하는 웨딩케어 특별관리이기도 해용~!! 한번뿐인 결혼식에 작고 매끈한 얼굴라인은 모든 신부님들의 소망이잖아욤ㅎㅎ 그리고 2021년 6월부터 새로 리뉴얼된 프로그램으로 작은얼굴 + 이중턱관리 두 가지의 프로그램을 같이 받을 수 있는 관리가 생겼다고 알려주셨어요~ 작은얼굴관리도 따로 있긴 하지만 요렇게 같이 받으면 더 좋을거 같긴해요~~! #약손명가 다른 프로그램 가격도 참고참고해보세용~~!! 프로그램이 다양해서 나에게 맞는 맞춤형 약손테라피를 할 수 있으니 정말 전문적인거 같아요~~!! 50m © NAVER Corp. 약손명가 뚝섬역점 서울특별시 성동구 상원길 24 3층 #약손명가뚝섬역점 은 뚝섬역 5번출구로 나와서 신호등 건넌 후, 바로 스타벅스 우측 방향으로 쪼금만 걸어가면 바로 3층이니까 찾기 쉬우실거에요~~ 중요한 날을 앞둔 분이시라면 실력 좋고 친절한 원장님과 실장님이 있는 #약손명가뚝섬역점 추천드려요~~~"
뚝섬역 에스테틱 / 뚝섬역피부관리 에스테틱 <약손명가 뚝섬역점> 연예인관리 받은 솔직후기,"Editor / Photographer ⓒ찰칵하갱ฅᐢ. ̫.ᐢ₎♡̷̷̷‧˚₊ [2023] All rights Reserved 여행다녀온 다음, 에스테틱 관리를 받고싶었던 찰칵하갱. 오늘은 성수동피부관리 <약손명가 뚝섬역점> 에 다녀왔다. <약손명가 뚝섬역점> - 주소 : 서울시 성동구 상원길 24 3층 <영업 시간> 평일 ; 10:00 ~ 22:00 토 ; 09:00 ~ 17:30 *일요일 휴무 성수동피부관리 <약손명가 뚝섬역점> 나는 지하철로 방문했는데 2호선 뚝섬역 5번출구에서 가깝고, 버스로는 2016을 타면 반대편 스타벅스쪽으로 가면 가깝게 찾을 수 있다. 성수동피부관리 <약손명가 뚝섬역점> 건물 3층으로 고고고!! 성수동피부관리 <약손명가 뚝섬역점> 는 윤곽관리, 신부관리 로도 정말 유명한 곳인데, 내가 오늘 받은 프로그램은 <K-Beauty 연예인 관리 A> 이다. 성수동피부관리 <약손명가 뚝섬역점> 의 예약은 카카오톡을 통해 문의하면 된다. *카카오톡 아이디 : ttukseom0122 들어가자마자 원장님, 직원분들 모두 너무 친절하셔서 단골손님이 정말 많아보였다. 내부 분위기도 너무 편안하고 좋아서 벌써부터 마음이 열렸다. 또한 위생청결관리가 철저하여 코로나로부터도 안심이었다. 또한, 약손명가 헬스케어 이너뷰터 제품을 구매할 수 있고, 구매하시는 분들도 많이봤다. 센스있게, 비타민까지 챙길 수 있어서 나도 물과 함께 비타민충전 했다. 뚝섬역 에스테틱 / 뚝섬역피부관리 에스테틱 <약손명가 뚝섬역점> 연예인관 재생 0 좋아요 0 00:00 00:00  뚝섬역 에스테틱 / 뚝섬역피부관리 에스테틱 <약손명가 뚝섬역점> 연예인관 성수동피부관리 <약손명가 뚝섬역점> 은 직원들의 실력 편차가 없어서 정말 전문적인 곳이다. 또한 남자 고객님도 많이 방문하신다고 한다. 내가 받았던 프로그램은 맞춤관리E 였는데, 이것은 컨디션/고민에 다른 모든 관리를 선택할 수 있어서 <맞춤관리>를 받을 수 있다. 관리받을 때 마다, 다양하게 선택하여 받을 수 있다는 점도 너무 장점이다. 나는 <K-Beauty 연예인 관리 A> 를 선택했다. 우선, 탈의실로 안내해 주셨다. 벽에는 얼굴이 예뻐지는 습관과 다리가 예뻐지는 습관이 붙어있었다. 옷과 가방, 짐들은 라커에 보관하면 된다. 황금색으로 된 가운으로 갈아입었다. 짐도 보관, 신발도 보관!! 황금색 가운 고고!ㅎㅎㅎ 탈의실 한편에는 거울과 고데기, 다이슨 드라이기 등 다양하게 정리되어 있었다. 시설까지 깔끔해..! 가운으로 갈아입었으면 이제 맞춤관리를 받으러 고고! 내가 받은 <K-Beauty 연예인 관리 A> 는 등 크림 관리 or 가슴,복부 관리 둘 중 하나를 고르는 거였는데 나는 등크림 관리를 골랐다. 또한 팔관리, 데콜테 관리, 두피 관리, 피부 관리, 특별 약손테라피 관리, 팩, 마무리 까지 완벽하게 진행되었다. 오오.... 관리 받고 나서 찐으로 얼굴이 좀 매끈해졌다..?ㅎㅎㅎ 윤곽관리가 정말 완벽했다. 관리 후 유의사항까지 꼼꼼하게 알려주셨던 세심한 직원분들..!! 윤곽관리, 신부관리 잘 하는 약손명가 뚝섬역점 추천합니다!! 50m © NAVER Corp. 약손명가 뚝섬역점 서울특별시 성동구 상원길 24 3층 #성수동피부관리 #윤곽관리 #신부관리 #뚝섬역피부관리 #에스테틱 #약손명가 #약손명가후기 #약손명가뚝섬역점 #약손명가뚝섬역 #연예인관리 #kbeauty #kbeauty연예인관리A #약손명가솔직후기 #약손명가관리"
[뚝섬역 카페] 스타벅스 뚝섬역점 (신메뉴 : 바닐라 블랙티 라떼),"안녕하세용. 용쿤이에용. 오늘의 포스팅! < 용쿤's 617th 스타벅스 : 스타벅스 뚝섬역점 > 주소 서울특별시 성동구 아차산로 42 (성수동1가) 서울특별시 성동구 성수동1가 14-33 정명빌딩 영업시간 평일 7시 ~ 23시 / 주말 8시 ~ 22시 50m © NAVER Corp. 스타벅스 뚝섬역점 서울특별시 성동구 아차산로 42 (성수동1가) 스타벅스 뚝섬역점은 지하철 2호선 뚝섬역 5번출구 나오면 바로 보입니다. 3층짜리 스벅이라 잘 보여요 1층부터 3층까지 스벅이구, 엘레베이터로 연결되어 있습니다. 4층부터는 죄다 병원... ㄷㄷ 이 매장을 방문할 때까지.. 2018년도였어요 ㅎㅎ 하지만 음료 소개는 2019년 버전으로 할게요~ 매장이 3층이긴 하지만.. 좁게 3층이 있는 구조여서 합쳐야 넓습니다 ㅎㅎ 2층은 약간 시끌시끌합니다. 2층은 작업을 하거나 콘센트가 필요하다면 여기가 좋을 것 같구요. 조금 더 안락한 좌석을 원하신다면 3층! 3층으로 가시면 됩니다. 1층은 그냥 카운터에 테이블 2개 정도밖에 없어서... 그냥 머물다가 가는거구요 ㅎㅎ 오늘의 메뉴는? 바닐라 블랙 티 라떼! 마이크로 그라운드 블랙 티로 기존보다 풍부하고 부드러운 블랙 티 라떼! 마이크로 블랙 티 파우더로 더욱 깊은 풍미와 부드러움을 함께 느끼며 부담없이 마실 수 있는 티 라떼 달지않고 부드러운 맛. 미숫가루같은 느낌이 조금은 들더군요 ㅋㅋ 달지 않은 메뉴는 언제나 환영이에요! ㅎㅎ 점점 입맛이 늙어가는듯... 성수역 다음에는 위례신도시로 넘어갈 예정입니다! 그럼 위례신도시 스벅에서 만나용!"
뚝섬역피부관리 에스테틱 약손명가에서 상체관리받은 솔직 후기,"만성 피로로 인해 항상 어깨가 딱딱한 나 ㅠ, 요즘엔 잘못된 자세로 수영을 너무 과하게 했는지 어깨가 더더 아파온다. 오늘은 상체관리 좀 받으려고 서칭 또 서칭. 뚝섬역피부관리 약손명가의 상체관리, 윤곽관리, 신부관리가 유명하기에 나도 달려갔다. 아니 찾아가기가 넘 쉬운 약손명가 뚝섬역점 50m © NAVER Corp. 약손명가 뚝섬역점 서울특별시 성동구 상원길 24 3층 ✔ 주소 :서울특별시 성동구 상원길 24 3층 ✔ 연락처☎ :02-499-8777 ✔ 카톡예약 : ttukseom0122 ✔ 주차 🚗 : 서울숲A타워 (한촌설렁탕) 지하주차장 이용 성수동 뚝섬역 5번 출구로 나오면 바로 찾을 수 있는 스타벅스 옆옆 건물!!! 뚝섬역피부관리 약손명가 건물이 바로 보인다. 해당건물 3층 전체가 약손명가 뚝섬역점!!! 진짜 엄청난 스케일이다. 엘베를 타고 3층으로 올라가면 바로 보이는 뚝섬역피부관리 에스테틱 약손명가 따라라라~ 따라라라~ 약손명가 에스테틱 뚝섬역점에 오신걸 환영합니다. k뷰티의 중심 연예인 관리부터 ,작은얼굴관리, 슬림바디관리, 힐링관리, 스페셜웨딩관리까지 관리의 모든것을 하고 있는 뚝섬역피부관리 약손명가! 약손명가 뚝섬역점에 도착했는데 다들 관리중이셔서 자리에 안계셨다. 벨을 누른 후 잠시 대기~ 예약은 미리미리 카카오톡으로!! 카톡 ttukseom0122 로 연락하면 엄청 친절하게 안내해주신다. 오늘 내가 예약한 관리는 맞춤관리E 이다. 다양한 관리들이 있지만 맞춤관리E는 그날 내가 하고싶은 관리는 받을 수 있는 선택권이 다양한 케어이다. 그날의 컨디션, 고민에 따른 선택을 할수 있어서 맞춤으로 관리가 가능하다. 넘나 E맞춤관리 추천!!! 나는 요즘 상체가 넘 무겁고 잘못된 수영으로 어깨가 굳어버려 상체맞춤 관리로 진행했다. 약손명가에서는 관련 이너뷰티도 판매하고 있어서 관리 끝나고 바로 먹고 나갈수도 있다!!! 다양한 라인업으로 앰플. 스틱, 효소, 콜라겐, 식이섬유등 건강하고 자연스러운 아름다움을 도와주는 제품들이였다. 목이 말라 물한잔 좀 마시고요. 센스가 터지는게 여기 비타민c도 있어요 ㅠㅠ정말 내면까지 채워주는 뚝섬역 에스테틱 이다. 뚝섬역피부관리 에스테틱 약손면가 뚝섬역점 재생 0 좋아요 0 00:00 00:00  뚝섬역피부관리 에스테틱 약손면가 뚝섬역점 자자 준비 되셨으면 관리 들어가실게요~ 원장쌤과 관리쌤들이 안내부터 넘 친절하게 도와주셔서 좋았다. 탈의실 안내인데 이렇게 친절하다니~ 뚝섬역에스테틱 약손명가는 근무하시는 분들이 친절해서 단골 고객들도 많은거같다. 탈의실 입성!! 엄청 깔끔하게 정돈된 탈의실이였다. 아무도 없어서 좀 찍어봄 드라이어, 고데기, 빗, 화장품 등등 탈의실에서 한큐에 해결 가능하다. 약손명가 뚝섬역점엔 캐비넷도 엄청 많다. 캐비넷마다 비밀번호로 잠글수 있어서 좋았다. 근데 나는 깜빡하고 안잠그고 그냥나옴;;;; 관리에 따라 옷을 입으면 된다. 친절하신 직원분이 어떤옷을 입으라고 다 알려주시니 걱정하지 말기~ 나는 오늘 상체관리를 받기 때문에 위의 옷을 탈의하고 가운을 입고 나갔다. 자~ 저 가운입었고요. 상체 관리 받으러 ㄱㄱ 해볼게요~ 가운입고 옆을 봤는데 예뻐지는 습관....네.....제가 거의 안하고 있는 것들이고요 ㅠㅠ 얼굴, 다리 1번부터 전 아웃이였네요 ㅠㅠ 탈의실에서 나오니 세안할수 있는 공간이 나온다. 특히 눈화장을 짙게했을 경우엔 셀프로 클렌징을 할 수 있도록 클렌징제품이 구비되어 있었다. 머리끈, 화장솜, 클렌징제품 다있었다. 엄청 많은 관리실들이 있었다. 1인실도 있고 2인실도 있고, 나는 오늘 다인실에서 관리를 받았다. 다인실은 5개정도 베드가 있었는데 다 커튼으로 가려져있어 신경쓰지 않고 프라이빗하게 관리를 받았다. 자 이쪽 베드에서 상체 관리 들어가실게요~ 뒤를 보니 엄청난 관리 용품들이 있었다. 가지런히 정리가 잘 되어있어서 보는 나도 흐뭇 ㅋㅋㅋ 침대에 누워 보자. 관리사분이 가운도 받아주시고 이불도 들어주신다. 폰은 잠시 관리사분이 침대에 한켠에 놓아주셨다 상체 관리이니 전체적으로 등부터 관리가 들어갔다. 내가 최근에 받은 관리는 발리에서 받은 관리인데 .....이건 관리도 아니였구나 약손명가의 관리가 진짜 찐이다. 피의 흐름을 도와줄수 있도록 관리를 해주시고, 긴장된 어깨가 편안해지는 느낌이 들었다. 진짜 꼼꼼하게 관리를 해주셔서 상체가 가벼워 지는 느낌!!!! 뚝섬역에스테틱 약손명가에서 관리받은 후의 모습 머리는 헝클어졌지만 스트레스 완화에 도움이 되었다! 정말!!! 그래서 약손명가 약손명가 하는거 같다. 다음엔 약손명가 치트키 작은얼굴 관리를 받아보고 싶은 욕심이 생긴다. 상체도 이정돈데 작은얼굴 관리는 얼마나 더 좋을까? 정신차리고 탈의실에 다시오니 드라이기가 무려 다이슨 슈퍼소닉!!! 그리고 화장품들도 다 있었고 무엇보다 감동은 일회용렌즈통과 리뉴 아닐까 ? 사소한거 하나에도 꼼꼼히 신경쓰는 약손명가 뚝섬역점 나 감동받아서 다시 올랭 #성수동피부관리 #윤곽관리 #뚝섬역에스테틱 #약손명가뚝섬역점"
